image_i,image_j,keypoints_i,keypoints_j,raw_matches,filtered_matches,ransac_inliers,inlier_ratio,mean_epipolar_error_all,median_epipolar_error_all,mean_epipolar_error_inliers,median_epipolar_error_inliers,max_epipolar_error_inliers,fundamental_matrix
IMG_20260518_203902.jpg,IMG_20260518_203904.jpg,578,598,578,106,49,0.46226415094339623,25.52248719379831,1.2249712924299572,0.3967778886542153,0.3531244476305661,0.9906889931067844,"[[5.390683766731783e-07, -8.43656105597632e-06, -0.038849806644965346], [5.601547098444944e-06, -1.7214904929973465e-06, -0.017761147267307188], [0.04406648584741812, 0.017795403203238955, 1.0]]"
IMG_20260518_203902.jpg,IMG_20260518_203906.jpg,578,521,578,88,32,0.36363636363636365,51.9626184348891,3.890249611240346,0.3990186769918804,0.4061167897038864,0.9335326053864185,"[[4.237711752401942e-07, 1.5510344715989887e-06, -0.002844330712952565], [-2.054585325770541e-06, 6.104765125979734e-08, 0.004605532495443871], [0.002268591532774401, -0.005090102427816279, 1.0]]"
IMG_20260518_203902.jpg,IMG_20260518_203908.jpg,578,840,578,47,17,0.3617021276595745,76.81407669920662,2.6469908109781364,0.24832313396517988,0.08363450665423854,0.8446731849180045,"[[5.862090669074386e-07, 1.240650056725807e-06, -0.002983824312972231], [-1.617508882604765e-06, 1.3502386596075384e-07, 0.0025732244412839606], [0.0023978972623254894, -0.0032270916078985753, 1.0]]"
IMG_20260518_203902.jpg,IMG_20260518_203909.jpg,578,705,578,30,9,0.3,371.35818533637433,114.18761705546423,0.09394443596022867,2.8035967415439326e-13,0.4227499618197954,"[[2.4785599879937434e-06, 4.0861003720851244e-07, -0.0013594733578815735], [-5.035873763524171e-07, 2.443725850856077e-07, 2.8235276277471146e-05], [-0.0022884540378872724, -4.0341144967378487e-05, 1.0]]"
IMG_20260518_203902.jpg,IMG_20260518_203913.jpg,578,565,578,17,8,0.47058823529411764,77.36855237347713,6.644067019135249,0.06283571976114971,3.136333085914966e-12,0.50268575806389,"[[3.296635368662994e-06, -4.492974028890342e-07, -0.001451305325701109], [-4.786955502217361e-07, 4.884843925187406e-07, -0.00020031753639896478], [-0.001299866093441337, -0.0002632709997163803, 1.0]]"
IMG_20260518_203902.jpg,IMG_20260518_203922.jpg,578,845,578,27,11,0.4074074074074074,139.40355565921075,68.86863843801503,0.047913002983284485,1.942900181516008e-12,0.34609255122402444,"[[1.104211755572993e-06, -9.638216776135398e-07, 9.72777064570385e-05], [2.2149341556624197e-06, 2.3441299999036148e-07, -0.0015051149182357714], [-0.0021911316983649343, 0.000391484498343858, 1.0]]"
IMG_20260518_203902.jpg,IMG_20260518_203924.jpg,578,679,578,20,9,0.45,87.11911578218874,36.35430690465506,0.13606898914913437,5.695654104797247e-13,0.7755560233818526,"[[5.451164439597564e-06, -5.221295079223436e-06, 0.0016235544930715373], [-4.3845532575097905e-07, 2.2129203172116938e-06, -0.0021810079682175218], [-0.003516958019105812, 0.0015782707121140239, 1.0]]"
IMG_20260518_203902.jpg,IMG_20260518_203926.jpg,578,487,578,29,10,0.3448275862068966,113.30578000078748,55.78374778617464,0.09958100595698002,1.1552497814725379e-12,0.5676652678299184,"[[2.0751211165521717e-06, -1.154256012701479e-06, 0.0002164732306343678], [-9.530858627532913e-07, 1.406297053456699e-06, -0.0011809790061621524], [-6.514631651728165e-05, -0.0007793588876051485, 1.0]]"
IMG_20260518_203902.jpg,IMG_20260518_203929.jpg,578,965,578,20,10,0.5,91.57458365985862,47.97415161766578,0.059973870782116814,7.739405957634658e-13,0.47260998536171284,"[[2.1779788156593657e-06, -6.41527464487604e-08, -0.0014358895424476997], [-6.426271199521389e-06, 3.1812261829615684e-06, -0.00022427270426764417], [0.006220513366538332, -0.0036044607224987113, 1.0]]"
IMG_20260518_203902.jpg,IMG_20260518_203931.jpg,578,1554,578,19,9,0.47368421052631576,108.54303660202679,49.61906671103116,0.10820718422444069,4.288246947610023e-13,0.7016106110387712,"[[1.1232077780068517e-05, -1.0603102697078897e-06, -0.004135909343671977], [-7.538550651130992e-06, 2.7854936824124945e-06, 0.0005791205900750738], [0.0035228390570739617, -0.002501233817933244, 1.0]]"
IMG_20260518_203902.jpg,IMG_20260518_203933.jpg,578,2541,578,15,8,0.5333333333333333,167.09549787385367,0.4030582796545872,0.050382284957379786,4.1709607394721584e-13,0.4030582796545872,"[[-3.898142588623664e-07, 1.0210117170476775e-06, -0.0007068151453206002], [-2.533664095609e-07, 1.187486282293821e-06, -0.0009917186412309643], [0.0004765111732803793, -0.0013819170931274676, 1.0]]"
IMG_20260518_203902.jpg,IMG_20260518_203935.jpg,578,2691,578,19,9,0.47368421052631576,188.7559934088907,65.01648752951102,0.08829899792314104,2.084271530505571e-13,0.47160107268141116,"[[-1.7469952316517545e-06, 2.5810719114696493e-06, -0.002762169619070604], [2.7940815025047123e-06, -2.0442515822574425e-06, 0.0016890743243898453], [-0.002802199140030516, -7.162870530476497e-06, 1.0]]"
IMG_20260518_203902.jpg,IMG_20260518_203937.jpg,578,1256,578,10,7,0.7,125.61379579944955,8.257183025364358e-14,4.4473681026625676e-14,0.0,1.461721066790926e-13,"[[-2.1635220888375017e-05, -4.880475489437414e-06, 0.009027634806056005], [5.434563171635161e-06, 4.932451014582049e-06, -0.0005013273074483453], [-0.004765944042568981, -0.0031497478903751673, 1.0]]"
IMG_20260518_203902.jpg,IMG_20260518_203940.jpg,578,858,578,9,7,0.7777777777777778,49.9098675806555,1.0906728740939152e-13,1.134068330866431e-13,1.0818653667297487e-13,3.071019236765415e-13,"[[-7.456059832038094e-07, 6.190264791428474e-07, -0.0008649818310917182], [1.0280259185282857e-06, 1.090819988387502e-07, -0.00028704283681859434], [-0.0007713596609637042, -0.0005922780964386642, 0.9999999999999999]]"
IMG_20260518_203902.jpg,IMG_20260518_203942.jpg,578,681,578,16,9,0.5625,108.22952381287767,0.10589045407800741,0.09212942583442335,8.894716403185198e-13,0.8216618915118624,"[[-2.3104422113123136e-05, -6.208732137707918e-06, 0.024007727141685017], [-5.220315536932327e-05, 3.4698742930787404e-05, -0.012374228630790896], [0.06771086711435123, -0.03399828068534608, 1.0]]"
IMG_20260518_203902.jpg,IMG_20260518_203946.jpg,578,1193,578,13,7,0.5384615384615384,37.18901459431147,3.313861840077134e-13,1.349974231186171e-13,1.1116302634896513e-13,3.313861840077134e-13,"[[1.4332021720761283e-06, 2.285973424539037e-06, -0.003238745854364801], [-2.1556279971625236e-06, -2.557602780266885e-07, 0.0006683232518189443], [0.0013637494393456085, -0.0009155510721954875, 1.0]]"
IMG_20260518_203902.jpg,IMG_20260518_203948.jpg,578,1215,578,16,8,0.5,87.00040020257049,12.050046134113973,0.00765108805017371,2.4646204797623565e-13,0.06120870439388071,"[[6.989929800527575e-06, -4.542443852252903e-06, 0.0013180986691177282], [2.7091363785216898e-06, 5.317198908775403e-07, -0.0015225920490930377], [-0.00660329862908224, 0.0017602395570259844, 1.0]]"
IMG_20260518_203904.jpg,IMG_20260518_203906.jpg,598,521,598,54,15,0.2777777777777778,80.34312710628382,20.073321577896735,0.30469786734950216,2.844203544667187e-13,0.978688597625321,"[[-3.9565618556138894e-07, 1.3105142807582555e-05, -0.0053662044206396085], [-1.2907455555664726e-05, 4.194024745747232e-07, 0.005104006710458595], [0.00348238594136409, -0.005748288096724555, 1.0]]"
IMG_20260518_203904.jpg,IMG_20260518_203908.jpg,598,840,598,34,11,0.3235294117647059,383.63714551936306,122.51979360422376,0.1656758151387969,5.208624116307492e-13,0.515400766260575,"[[1.4477124668556441e-06, 9.747004199975705e-07, -0.0015229841987212673], [-8.312412967142627e-07, -1.0945887700108196e-07, 0.0005756840662901152], [-0.0012707542620585919, -0.0003480381871878129, 1.0]]"
IMG_20260518_203904.jpg,IMG_20260518_203909.jpg,598,705,598,21,9,0.42857142857142855,84.10228835537897,36.47063540312445,0.09480023110128269,1.8127913655381695e-12,0.8109546949730946,"[[7.043327486321176e-07, 2.625561002950162e-06, -0.0035427776895688976], [-4.2952276160350484e-07, -6.079607202161425e-07, 0.0011468964357260994], [-6.2589718485247344e-06, -0.000972347000580847, 1.0]]"
IMG_20260518_203904.jpg,IMG_20260518_203913.jpg,598,565,598,18,8,0.4444444444444444,89.77739369767424,36.941393731594566,0.0077232835654690545,5.899028108514497e-13,0.06178626851734119,"[[1.417141991241096e-06, 6.195433554912766e-07, -0.0013658528936702078], [-6.025062606818491e-07, 4.209716323094527e-07, -0.00029663962713429417], [-0.0004015381440812944, -0.0006537133859732786, 1.0]]"
IMG_20260518_203904.jpg,IMG_20260518_203922.jpg,598,845,598,25,9,0.36,130.23178553579487,90.13470389235486,0.1381823217195791,1.5578907704423469e-12,0.8889650758760497,"[[-1.8248161125202437e-06, 2.4983914781974222e-08, 0.0008678275891936735], [2.767004368679118e-06, -1.4432080670540496e-08, -0.0014531886453206856], [-0.0017923929843989914, -6.722279801155912e-07, 1.0]]"
IMG_20260518_203904.jpg,IMG_20260518_203924.jpg,598,679,598,19,9,0.47368421052631576,113.54133903012125,34.201377696474026,0.07493229535076396,2.4378111178416927e-13,0.58691744995567,"[[-3.712089387116477e-07, 1.150632383091865e-06, -0.00023585879782776753], [-3.291218953716138e-07, 9.534418266171255e-07, -0.0018804075574973705], [0.00021554053723997572, -0.0006336475422548547, 1.0]]"
IMG_20260518_203904.jpg,IMG_20260518_203926.jpg,598,487,598,15,9,0.6,110.74191546693517,0.020216221843852328,0.038031886821683125,5.48833203676777e-13,0.3220707595478817,"[[1.7280612501586426e-06, 1.6916972715429549e-06, -0.0023405874680522435], [7.362816128317022e-07, -6.897430748999691e-07, 0.0006844640235277691], [-0.0017026232040451303, -0.000571289383835969, 1.0]]"
IMG_20260518_203904.jpg,IMG_20260518_203929.jpg,598,965,598,22,9,0.4090909090909091,120.57720782725588,50.00985742109471,0.1432843419429944,3.6061925007195356e-13,0.9267327725423667,"[[4.0035598356853006e-07, 2.3372069382644854e-06, -0.0024171626650128296], [-4.124194783489668e-06, 1.7427330172367799e-06, -0.00148776007063213], [0.0032437399480278162, -0.0012042067434244383, 1.0]]"
IMG_20260518_203904.jpg,IMG_20260518_203931.jpg,598,1554,598,14,8,0.5714285714285714,99.52953380727969,0.10042078289627052,0.025105195724143572,1.300163255415342e-13,0.2008415657921041,"[[1.6391482103660178e-07, 1.0446853595124938e-06, -0.0006398884440631824], [9.936612029847315e-08, 4.095208424395151e-07, -0.000504639878802358], [-0.0002113886480489013, -0.001012205064078131, 1.0]]"
IMG_20260518_203904.jpg,IMG_20260518_203933.jpg,598,2541,598,11,7,0.6363636363636364,64.86092604170014,1.6773275697635983e-13,9.926593441108395e-14,9.008759552340918e-14,2.0401952934945788e-13,"[[3.7797639593086707e-06, -1.2717665464032479e-06, -0.0007319299842415035], [-5.922770139809909e-07, 6.523700627481316e-07, -0.0007549516938346915], [-0.0012638375290219743, 3.17429927537939e-05, 1.0]]"
IMG_20260518_203904.jpg,IMG_20260518_203935.jpg,598,2691,598,15,8,0.5333333333333333,122.35195093308167,0.03784537302588135,0.004730671628601771,2.0929232079073513e-13,0.03784537302588135,"[[1.910152767431507e-06, 1.50815681695202e-06, -0.002295458940197844], [1.0820075763926016e-06, -7.670084520632473e-07, 0.0004464551007671167], [-0.0019615635143509853, -0.00028895796747928755, 1.0]]"
IMG_20260518_203904.jpg,IMG_20260518_203937.jpg,598,1256,598,7,0,0.0,,,,,,
IMG_20260518_203904.jpg,IMG_20260518_203940.jpg,598,858,598,17,8,0.47058823529411764,112.82050573082934,55.59408605413209,0.004993311758549634,1.970832542178295e-12,0.03994649295058958,"[[2.0541027586552795e-06, 5.13304258563478e-07, -0.001696539496139119], [5.43691956315042e-07, -5.712908413702681e-08, -0.00028254828109243175], [-0.0014383526926462398, -0.00014155015001551647, 1.0]]"
IMG_20260518_203904.jpg,IMG_20260518_203942.jpg,598,681,598,10,7,0.7,297.4511519430663,2.5337847023106714e-13,2.042355544154335e-13,7.91588714058273e-14,8.437330690400727e-13,"[[-1.852022895440199e-06, -8.992154029367047e-07, 0.0015039176217379816], [5.377964022928543e-07, 5.388529248723836e-07, -0.00042245796105696556], [-0.001229581434168007, -0.0005671886480429653, 1.0]]"
IMG_20260518_203904.jpg,IMG_20260518_203946.jpg,598,1193,598,12,7,0.5833333333333334,49.456914029545594,5.075279941147052e-13,2.6926866701891733e-13,2.6697928681218835e-13,6.496120737531483e-13,"[[-4.407292386574108e-07, 3.5207283119143487e-06, -0.003604135747999089], [3.663683719670471e-06, -2.287395962692945e-06, 0.0005994772305412723], [-0.0034580293112380046, 0.0007201641260229253, 1.0]]"
IMG_20260518_203904.jpg,IMG_20260518_203948.jpg,598,1215,598,22,9,0.4090909090909091,99.61015564777644,13.173045152924093,0.07958450489282969,3.3410579764273247e-12,0.685230356395942,"[[3.709530012641688e-07, 2.7727466908890944e-07, -0.0004355222144266034], [1.144230330248561e-06, 3.137256694278258e-07, -0.0007147834845659403], [-0.0014137242521347186, -0.0004882963423268927, 1.0]]"
IMG_20260518_203906.jpg,IMG_20260518_203908.jpg,521,840,521,93,41,0.44086021505376344,21.488817287821558,1.138607985508538,0.275745848231535,0.1544710841152338,0.9652458472707038,"[[6.737722081888822e-07, 4.0116828292452e-06, -0.020417736004978634], [-3.187651596547837e-06, -3.035937417454292e-07, 0.008388175596005994], [0.01895156235148363, -0.008965430947178018, 1.0]]"
IMG_20260518_203906.jpg,IMG_20260518_203909.jpg,521,705,521,48,19,0.3958333333333333,39.542261652702386,3.1666042744745173,0.23611441166987035,0.1925587031764238,0.8278968532054464,"[[7.222977802519233e-07, 1.370675686272145e-06, -0.01288370074705754], [-2.583372505728856e-07, -5.964466089811686e-07, 0.005411629638496646], [0.011416886250092803, -0.00538068491663274, 1.0]]"
IMG_20260518_203906.jpg,IMG_20260518_203913.jpg,521,565,521,34,9,0.2647058823529412,131.35643555166456,95.60758817790474,0.10358258498902242,3.81871135310012e-12,0.60248425510159,"[[1.243172659653351e-06, -5.73108517625918e-07, -9.987731935699624e-05], [-3.012445938397621e-06, 2.535592296640187e-06, -0.0008019758653806168], [0.002244374135847549, -0.0023312526204484303, 1.0]]"
IMG_20260518_203906.jpg,IMG_20260518_203922.jpg,521,845,521,15,8,0.5333333333333333,81.80530508728586,0.2135418330587364,0.026692729132494875,1.57161115185686e-13,0.2135418330587364,"[[2.8414446529311698e-06, 2.461022769468817e-06, -0.00555842789487932], [-4.337746013862794e-06, 3.3483259976491415e-07, 0.0028814765125499053], [0.003875491815231234, -0.002909043141733568, 1.0]]"
IMG_20260518_203906.jpg,IMG_20260518_203924.jpg,521,679,521,20,9,0.45,83.9794273297847,9.230657558581694,0.04288667962689636,2.5164031473002345e-13,0.25436344580737236,"[[-6.999098669173843e-08, 9.002120890070967e-06, -0.007617866384683435], [-4.729012288218919e-06, -1.8234798544863347e-06, 0.0025691211172806376], [0.0035609527980818147, -0.0020878324476299778, 1.0]]"
IMG_20260518_203906.jpg,IMG_20260518_203926.jpg,521,487,521,22,8,0.36363636363636365,99.34514363330494,48.99198772933151,0.004995405555877932,1.0707829481719435e-12,0.039963244439570896,"[[-7.738296684882462e-07, 1.3596941557909381e-06, -0.001059603179173366], [5.141952913524551e-07, 1.2806897923465214e-07, -0.00045246618077629053], [-8.498779775079643e-05, -0.0008463916464943758, 0.9999999999999999]]"
IMG_20260518_203906.jpg,IMG_20260518_203929.jpg,521,965,521,15,9,0.6,117.02510726483138,0.035039844086440536,0.030187176546475132,1.5660593880439538e-12,0.23664474481935868,"[[1.3896291377262223e-06, 9.248665305262526e-07, -0.0015482808782266262], [-3.5543254209357423e-07, 4.808880035760474e-07, -0.00021411864177638392], [-0.00046861389640102296, -0.0008738257608932569, 0.9999999999999999]]"
IMG_20260518_203906.jpg,IMG_20260518_203931.jpg,521,1554,521,14,8,0.5714285714285714,61.66975590501774,0.3444779693625571,0.08611949234123127,7.792338305922786e-13,0.6889559387216057,"[[-5.550251303550282e-07, 2.922214372520728e-06, -0.0026743193815555134], [-5.717186256057937e-07, 1.43196271133532e-07, 0.00018793305131711553], [0.0007611655942330911, -0.0014086590455629447, 1.0]]"
IMG_20260518_203906.jpg,IMG_20260518_203933.jpg,521,2541,521,4,0,0.0,,,,,,
IMG_20260518_203906.jpg,IMG_20260518_203935.jpg,521,2691,521,19,8,0.42105263157894735,92.95248941742621,27.842564861256907,0.000110989756320352,3.02687859526331e-13,0.0008879180483380573,"[[2.51372453358614e-06, 1.0478260051294787e-06, -0.0023951966593055668], [-5.047645795122863e-08, -1.6517818011939926e-07, 0.00017187757772896855], [-0.0011020279729270607, -0.0004010733914983853, 1.0]]"
IMG_20260518_203906.jpg,IMG_20260518_203937.jpg,521,1256,521,17,8,0.47058823529411764,87.29600860968655,5.191581970294179,0.08044071377614906,5.760655892294097e-13,0.6435257102044346,"[[-8.46734532886685e-06, 1.5532617263685535e-05, -0.011155337147494506], [2.3635434588722138e-06, -5.311690077002993e-06, 0.004262305798395021], [0.0014525003032293748, -0.0018880894308871525, 1.0]]"
IMG_20260518_203906.jpg,IMG_20260518_203940.jpg,521,858,521,15,9,0.6,73.39627726019802,0.05522873673396583,0.035454333308790296,7.085167906173756e-13,0.2638602630420927,"[[-5.122119273381898e-07, 2.6895495260287404e-06, -0.0018956474025904624], [3.8952452716160004e-07, -1.6824218476921678e-07, 0.0001925132300712533], [1.0482438982199065e-05, -0.0014995234154130891, 1.0]]"
IMG_20260518_203906.jpg,IMG_20260518_203942.jpg,521,681,521,15,8,0.5333333333333333,140.7364966280738,0.20899488252290394,0.026124360315789085,4.3319560777308084e-13,0.20899488252290394,"[[-2.2341893877567836e-06, 3.242025438972282e-06, -0.0014485278286371812], [-4.273265082514507e-06, 1.5647894446826368e-06, 0.0007541971651403041], [0.0036035909208455403, -0.0034714171492099756, 1.0]]"
IMG_20260518_203906.jpg,IMG_20260518_203946.jpg,521,1193,521,22,10,0.45454545454545453,69.0646658846246,9.578926924830888,0.04074095209224069,9.545241903758766e-13,0.31828576752680815,"[[3.3092363270911713e-07, 1.6372246995233127e-06, -0.0019020973052592286], [1.797071520215953e-06, -1.2251526678996674e-06, 0.00027296653316122066], [-0.001869704798920987, 4.9552709156828627e-05, 1.0]]"
IMG_20260518_203906.jpg,IMG_20260518_203948.jpg,521,1215,521,14,8,0.5714285714285714,116.28972219228764,0.05483302746554099,0.013708256869261061,3.750843443072189e-12,0.1096660548820606,"[[-5.038976869135711e-07, -1.688345683746196e-06, 0.001812024952340865], [-3.921466424138082e-05, 1.8572246327701805e-05, -0.0012364873661984317], [0.024454291244659122, -0.011822999775976083, 1.0]]"
IMG_20260518_203908.jpg,IMG_20260518_203909.jpg,840,705,840,117,50,0.42735042735042733,39.358030814026876,1.6294617795496926,0.4068630505602536,0.3602418360383176,0.9943562844345969,"[[1.0327583992470084e-06, 4.412297075421311e-06, -0.026835886280683525], [-4.325268201998231e-06, -2.9983223152653934e-07, 0.012681333956189441], [0.025810682330885282, -0.012190272422376823, 1.0]]"
IMG_20260518_203908.jpg,IMG_20260518_203913.jpg,840,565,840,75,21,0.28,82.37179700009465,12.0712694923659,0.2836873742618784,0.10957839862339323,0.8582961780316853,"[[3.3393990501502983e-06, -3.2961465741546036e-05, 0.012441767476749717], [3.110928640220051e-05, 2.087681703932163e-06, -0.01180390462662528], [-0.014630639194292411, 0.010035816231121998, 1.0]]"
IMG_20260518_203908.jpg,IMG_20260518_203922.jpg,840,845,840,25,10,0.4,76.79568542271892,6.417539980278374,0.1262012533529981,7.660636464232482e-13,0.9068686335406653,"[[1.8678069054740764e-06, 3.5736446653895277e-06, -0.004993391165266186], [-3.717527842004684e-06, 1.0232108658513374e-07, 0.001572568575105848], [0.002867382830725182, -0.001987441199865826, 1.0]]"
IMG_20260518_203908.jpg,IMG_20260518_203924.jpg,840,679,840,38,12,0.3157894736842105,81.4999955886721,27.345934864651447,0.15729347352753795,1.8525742814906353e-13,0.7514292688464217,"[[4.792198472007399e-07, 5.334950901451062e-07, -0.0012267166530585214], [2.1372393973571575e-07, 3.0852549416490327e-07, -0.001102707469524701], [5.5349603239039926e-05, -8.344326985575476e-05, 1.0]]"
IMG_20260518_203908.jpg,IMG_20260518_203926.jpg,840,487,840,53,11,0.20754716981132076,110.10894810927246,72.36687344206706,0.004668900929515032,1.020564996355593e-12,0.034400499593443046,"[[-7.255528754927051e-07, -5.273726286968299e-06, 0.005462486016372793], [2.4594277947500976e-06, 3.5562136897634362e-06, -0.005259200462748043], [-0.0015160039567524866, 0.0002295083587377528, 1.0]]"
IMG_20260518_203908.jpg,IMG_20260518_203929.jpg,840,965,840,18,9,0.5,80.29563873973467,2.009032872355719,0.1148947540846975,3.316255202617739e-13,0.6852754250652856,"[[7.454633256432772e-07, 2.0439431764742567e-06, -0.0020793944605358734], [-1.6898376507290068e-06, 4.354950220946513e-07, -0.0004106709857704933], [0.001340656202012515, -0.0010123875390962405, 1.0]]"
IMG_20260518_203908.jpg,IMG_20260518_203931.jpg,840,1554,840,22,10,0.45454545454545453,123.27786931181134,4.55705396609627,0.20033304346959188,1.7518679492350615e-13,0.9107209659768293,"[[1.5198140168170637e-07, -2.899987570733944e-06, 0.0018450566221526598], [2.364780483310232e-06, 1.7643519290278682e-06, -0.0026271858156724287], [-0.001560177184454579, -6.681146821071982e-05, 1.0]]"
IMG_20260518_203908.jpg,IMG_20260518_203933.jpg,840,2541,840,23,9,0.391304347826087,96.279290484546,22.83578007719042,0.0687883943479591,5.114788293865977e-13,0.5206465041837822,"[[-9.62419030326523e-07, 3.809669398304464e-08, 0.0009108120404064968], [1.6517551853688275e-06, 3.057130959316082e-07, -0.0011986078522115058], [-0.0015228877240351965, -0.00038883557623711713, 1.0]]"
IMG_20260518_203908.jpg,IMG_20260518_203935.jpg,840,2691,840,17,9,0.5294117647058824,149.00481078718235,0.2153200676565459,0.02392445196218386,2.561641607501732e-13,0.2153200676565459,"[[1.0418987472173183e-07, 1.161346776231141e-06, -0.0010143223965302952], [4.427198679571192e-07, -1.2614852264723488e-07, -0.0002529385764585443], [-0.0004970395839652533, -0.0007515625390125793, 1.0]]"
IMG_20260518_203908.jpg,IMG_20260518_203937.jpg,840,1256,840,14,9,0.6428571428571429,103.08230863381894,0.0001497635619163633,0.00020882855465009212,3.6101306875908106e-12,0.0015799298569290202,"[[-3.089508994634744e-06, 1.0924010986553991e-05, -0.010251941129244551], [1.4161227295520673e-06, -4.213571008541372e-06, 0.004005729294407651], [0.00017875737979012286, -0.0010976810956502205, 1.0]]"
IMG_20260518_203908.jpg,IMG_20260518_203940.jpg,840,858,840,26,9,0.34615384615384615,108.69098562308278,92.41834648704487,0.1260874573960938,1.5931689838902678e-12,0.8516198944496448,"[[2.276046876734487e-06, 2.189241446196785e-06, -0.002434447791732909], [-8.572254990159661e-07, 1.6741678970138537e-08, 0.0003110612978266214], [-0.000752174925913193, -0.0009949374123482482, 1.0]]"
IMG_20260518_203908.jpg,IMG_20260518_203942.jpg,840,681,840,16,8,0.5,105.85597940548637,2.6207143544738876,0.004216480378878741,2.321594909186525e-13,0.033731843029661465,"[[-7.645791831002841e-06, -3.736941124528978e-07, 0.004269314580494058], [-8.493627109439029e-08, 6.043176871327826e-06, -0.002996565761329689], [0.003708197005597533, -0.005918967093054459, 1.0]]"
IMG_20260518_203908.jpg,IMG_20260518_203946.jpg,840,1193,840,17,9,0.5294117647058824,71.6409978293132,0.26719666433855205,0.03327835012448846,8.208535185718484e-13,0.26719666433855205,"[[-2.026776133750816e-06, 1.985619572066218e-06, -0.001073021109525915], [-4.180924522219265e-07, 5.641520192520381e-07, -0.0003349322706438576], [0.0016708326656161546, -0.0017939554529768757, 1.0]]"
IMG_20260518_203908.jpg,IMG_20260518_203948.jpg,840,1215,840,14,8,0.5714285714285714,28.422022832882288,0.03524034862944116,0.008810087158649305,2.439385969075862e-12,0.0704806972537181,"[[2.695708115598791e-07, 3.3199788654677355e-07, -0.0005302076271424349], [6.269966081495139e-07, 3.018193886668669e-07, -0.0007441228908524821], [-0.0007708958891235656, -0.00045292930971104124, 1.0]]"
IMG_20260518_203909.jpg,IMG_20260518_203913.jpg,705,565,705,123,65,0.5284552845528455,27.675327107959877,0.7800219344721748,0.35766513208128703,0.3488510854950767,0.9230444211008808,"[[-3.8360381710819734e-07, 2.756306176222498e-06, 0.002619477818516554], [-2.872189995424624e-06, 5.81298439698371e-07, -0.004770251562435284], [-0.0015613635145725693, 0.0032715332955608124, 0.9999999999999999]]"
IMG_20260518_203909.jpg,IMG_20260518_203922.jpg,705,845,705,29,13,0.4482758620689655,54.17817130641244,2.831274854647496,0.19192401192325514,2.892641078087537e-13,0.7658741833133988,"[[2.9028909764341474e-07, 2.9833549118372037e-06, -0.0016404435335441855], [-4.367725415402643e-06, 5.79072276050147e-07, 0.007647562470462007], [0.0012337213089822325, -0.008598248849250973, 1.0]]"
IMG_20260518_203909.jpg,IMG_20260518_203924.jpg,705,679,705,42,16,0.38095238095238093,46.81385477783822,1.9515412395659846,0.24242805885659074,0.10319423693026161,0.7411936938694993,"[[-1.433007729648858e-07, -3.5569596802831236e-06, 0.002147958205574164], [6.03870208224112e-06, -4.477356617435462e-07, -0.007299846102950758], [-0.0037668881500048297, 0.00669925569471101, 1.0]]"
IMG_20260518_203909.jpg,IMG_20260518_203926.jpg,705,487,705,45,10,0.2222222222222222,71.7545384199283,35.733177451408906,0.1722641905140559,9.625701345262317e-13,0.933818407332927,"[[3.6748873058540354e-07, -1.2622213915160908e-05, 0.010602630958767656], [4.256348773239661e-06, 6.402433233857805e-06, -0.007477119581857723], [-0.004617447144898813, 0.0013840402807458387, 1.0]]"
IMG_20260518_203909.jpg,IMG_20260518_203929.jpg,705,965,705,21,8,0.38095238095238093,100.50999676544853,8.509026459092944,0.00033223993964235916,1.0026329209202647e-12,0.002657919511555562,"[[-2.7812857121580824e-05, 2.8290144289631416e-05, -0.006102957908879695], [-5.987879968835812e-07, -3.215689891446116e-06, 0.002216075856689406], [0.019184936704574024, -0.014284502044421152, 1.0]]"
IMG_20260518_203909.jpg,IMG_20260518_203931.jpg,705,1554,705,23,10,0.43478260869565216,94.04028664177017,40.794884684043154,0.12498076901371317,2.781262084556401e-13,0.6172974238015205,"[[-2.6397605091091e-06, -1.0465716399934176e-05, 0.008047139180100823], [4.19725214167351e-06, 7.796133682237407e-06, -0.008417849574141954], [-0.0013112691671625654, 0.0008576042931912991, 1.0]]"
IMG_20260518_203909.jpg,IMG_20260518_203933.jpg,705,2541,705,20,9,0.45,96.44146606673488,16.23341194345413,0.12642085564830458,5.598801842020156e-13,0.9257636803075957,"[[-1.4835903670612076e-06, -5.563899741382588e-06, 0.004246609101062137], [9.965726255755411e-06, -6.243780538858455e-07, -0.006204001807888052], [-0.004893214007517172, 0.0037898448931623367, 1.0]]"
IMG_20260518_203909.jpg,IMG_20260518_203935.jpg,705,2691,705,15,8,0.5333333333333333,96.04955972499357,0.1259551307963274,0.01574439135119708,1.0344602974598333e-12,0.1259551307963274,"[[-3.641797872809329e-07, 1.871662957296906e-08, 0.00029144901100435324], [1.2093786691910022e-06, 6.083418964107027e-07, -0.0011738539513599668], [-0.0010007790470397885, -0.0005965588679507425, 1.0]]"
IMG_20260518_203909.jpg,IMG_20260518_203937.jpg,705,1256,705,18,9,0.5,78.00881700555608,0.707383856229269,0.0070959002303775266,1.5512040208487577e-12,0.039280779855004944,"[[1.1242348292060294e-07, 5.686334683504194e-07, -0.00046886038086044207], [2.701355566774579e-07, 1.2534205785646102e-06, -0.0014507063943076156], [-0.00019220435447273596, -0.0009030377630432739, 0.9999999999999999]]"
IMG_20260518_203909.jpg,IMG_20260518_203940.jpg,705,858,705,19,9,0.47368421052631576,75.58150852455994,8.057271009596445,0.02820479823625985,3.664236533972136e-13,0.1641970528369682,"[[-2.9028448498028427e-06, -2.6814624523057054e-06, 0.004040100911107276], [7.797689389502852e-06, -9.88313111780637e-07, -0.002464034542088177], [-0.00671277680133465, 0.0019456483014814283, 0.9999999999999999]]"
IMG_20260518_203909.jpg,IMG_20260518_203942.jpg,705,681,705,29,9,0.3103448275862069,79.55480876254254,38.22509323857864,0.006888490789372627,1.2051678427613602e-12,0.059631553084738956,"[[-1.0937639743137694e-06, 1.5890787713772733e-06, -0.0006937422426655212], [1.169854779216177e-06, -3.1324528585255393e-07, -0.0005295377118369905], [-0.0005315582517058722, -0.0006856412258682991, 1.0]]"
IMG_20260518_203909.jpg,IMG_20260518_203946.jpg,705,1193,705,16,8,0.5,61.24671517200318,14.126873696195936,0.0010017122688532663,2.9609939610613957e-12,0.008013698116267119,"[[-9.391685531985909e-08, -2.812167970163652e-07, 0.0002943954559137444], [-1.1983593695974476e-06, 2.7497434017109426e-06, -0.0014048058915701025], [0.0010871941265311658, -0.0021575902857046314, 1.0]]"
IMG_20260518_203909.jpg,IMG_20260518_203948.jpg,705,1215,705,11,0,0.0,,,,,,
IMG_20260518_203913.jpg,IMG_20260518_203922.jpg,565,845,565,31,15,0.4838709677419355,93.91651900630401,1.01875788478822,0.19846509622321584,0.02370358014681208,0.9841954041848269,"[[8.656149929411177e-08, 1.6458457533628137e-06, -0.0010559972564221159], [-2.5274609944626406e-06, 4.971914110315961e-07, 0.00397307587310307], [0.0009779266150427405, -0.004778777332003501, 1.0]]"
IMG_20260518_203913.jpg,IMG_20260518_203924.jpg,565,679,565,38,22,0.5789473684210527,61.42062729986369,0.5866693802820563,0.24364198477672325,0.20966284283450132,0.7366318920109287,"[[-3.259160475673275e-06, 1.7005159976056332e-06, 0.010870617693579084], [-4.981036229463986e-06, 3.7590266729234752e-06, 0.017747707496270825], [-0.007871124972838513, -0.021729057981081885, 1.0]]"
IMG_20260518_203913.jpg,IMG_20260518_203926.jpg,565,487,565,35,12,0.34285714285714286,49.5847979327385,4.72184095825229,0.0784196022642868,6.8947946330110675e-12,0.795495216752551,"[[-2.1373695960042247e-07, 2.0557804235793467e-07, -0.0001243021435763428], [1.2701032985005956e-06, 3.9156331270449143e-07, -0.0009447899968643025], [-0.001160157134013398, -0.0004889459611820293, 1.0]]"
IMG_20260518_203913.jpg,IMG_20260518_203929.jpg,565,965,565,18,9,0.5,68.97031056746313,5.12197244362356,0.09969526426731035,3.501088098677508e-13,0.8119148255215731,"[[-3.4726190586320426e-07, -6.545190857162587e-08, 0.0005042999049185538], [1.2659049294781863e-06, 3.220251103823289e-07, -0.001883503564517914], [-0.0008359713744335543, 0.00023802538770877838, 1.0]]"
IMG_20260518_203913.jpg,IMG_20260518_203931.jpg,565,1554,565,20,9,0.45,108.07056609226636,38.38626614198057,0.0868131917102916,3.967491336327343e-13,0.5465410164723397,"[[8.069394841842667e-07, -5.853308764910961e-07, 0.0002442936185653274], [2.7736631486903153e-07, 1.4599888469164136e-06, -0.0016377461954508099], [-0.0006595380426812942, -0.000679079885765646, 1.0]]"
IMG_20260518_203913.jpg,IMG_20260518_203933.jpg,565,2541,565,19,9,0.47368421052631576,97.10891473489094,3.457021802617139,0.14201366172124186,4.077105584963364e-13,0.8111027122233506,"[[1.6834095634608072e-06, 6.42120628113443e-06, -0.006719240986209404], [-1.0089509885401067e-05, 7.466549048865227e-07, 0.009120319456027771], [0.0059438037129865015, -0.008465827590499657, 1.0]]"
IMG_20260518_203913.jpg,IMG_20260518_203935.jpg,565,2691,565,13,7,0.5384615384615384,74.68526441849863,2.9112745957015413e-13,1.0636534963027968e-13,1.3673947113875647e-13,2.9112745957015413e-13,"[[1.197244051822497e-06, 1.1420525550547223e-06, -0.0023732695736467034], [2.5973912892470643e-07, 2.3196337788923453e-07, -0.0004830941280997627], [-0.0003068230126675498, -0.0004874859306573065, 0.9999999999999999]]"
IMG_20260518_203913.jpg,IMG_20260518_203937.jpg,565,1256,565,17,10,0.5882352941176471,71.53052755273323,0.31927517482354667,0.08249024342788416,6.636600433558571e-13,0.3943779070812774,"[[9.71325917886477e-08, 5.373167598633017e-06, -0.006594247127982488], [-7.800775662141205e-06, 3.223667318094039e-06, 0.005862995710060333], [0.009271440919194579, -0.010445962994111043, 1.0]]"
IMG_20260518_203913.jpg,IMG_20260518_203940.jpg,565,858,565,14,8,0.5714285714285714,83.83526293719159,0.031110287782575935,0.007777571946566016,1.3000147238288911e-12,0.06222057556074309,"[[1.5132939542286836e-07, 1.8056662644444508e-06, -0.0018138484427071254], [-1.947161419355147e-06, 1.2358763365857174e-06, -0.0003062044919710016], [0.0018178788803778615, -0.0018928441148132378, 1.0]]"
IMG_20260518_203913.jpg,IMG_20260518_203942.jpg,565,681,565,16,9,0.5625,59.79980833591853,0.0625732483127336,0.013905166294696273,3.428683945893234e-12,0.06711702684930143,"[[6.045871619060693e-07, 8.395615167471168e-07, -0.0011977981422775408], [-5.0575397292715e-07, 6.473968174334001e-07, -0.000397309615128204], [0.0002621182864775461, -0.001101472893041677, 1.0]]"
IMG_20260518_203913.jpg,IMG_20260518_203946.jpg,565,1193,565,5,0,0.0,,,,,,
IMG_20260518_203913.jpg,IMG_20260518_203948.jpg,565,1215,565,10,7,0.7,58.78321454536973,4.366838407022992e-13,3.898552411581163e-13,3.007467792619998e-13,1.1307284303573775e-12,"[[2.7121112675716905e-05, 1.1607851070926646e-05, -0.028796054986729096], [-2.601317418622945e-05, -5.171349753192714e-06, 0.01809995469856075], [0.00873721931516837, -0.002696930806450962, 0.9999999999999999]]"
IMG_20260518_203922.jpg,IMG_20260518_203924.jpg,845,679,845,151,98,0.6490066225165563,4.836800615358161,0.5310308547611707,0.3349844969122334,0.30558434708498095,0.8799339614034524,"[[2.6947893934722094e-06, 2.982071715083609e-05, -0.09020626495544393], [-3.318592793372132e-05, -1.0485865750840777e-06, 0.005727916331136934], [0.08658777822415278, -0.002547443858818393, 1.0]]"
IMG_20260518_203922.jpg,IMG_20260518_203926.jpg,845,487,845,69,25,0.36231884057971014,52.644840814730244,4.167544979789338,0.2172847256240126,0.06893377258713239,0.8408313718801473,"[[7.297501956595881e-07, -1.0081015142919891e-05, 0.019063691739571544], [1.2012607904077237e-05, 3.7461243921979414e-07, -0.0024942060590205923], [-0.021819816077369568, 0.0011759632557842683, 1.0]]"
IMG_20260518_203922.jpg,IMG_20260518_203929.jpg,845,965,845,29,11,0.3793103448275862,182.97485792994343,17.866736329811648,0.10656787958659363,7.463324122514006e-13,0.7623102078754924,"[[5.437652422601076e-07, -5.539693624346454e-07, 0.0001754299593504958], [1.3374661032389015e-06, -1.1309881243482655e-08, -0.0007914107252478054], [-0.0018706638889449225, 0.00013395673345664168, 1.0]]"
IMG_20260518_203922.jpg,IMG_20260518_203931.jpg,845,1554,845,55,33,0.6,42.65891322564146,0.6317594827103499,0.34152071310895665,0.30440190399274186,0.9664911505788497,"[[-5.573829314655177e-07, -1.1154469063506916e-06, 0.0037322190588377174], [2.5128928512018537e-07, 8.389106959142894e-07, 0.006507666456021738], [-0.0034344812396657413, -0.007775642615406637, 1.0]]"
IMG_20260518_203922.jpg,IMG_20260518_203933.jpg,845,2541,845,47,23,0.48936170212765956,62.83486159408738,1.1485468672705008,0.34325692894538523,0.31545549225608865,0.9798735041084405,"[[1.4841506597945493e-06, 3.358934232966626e-05, -0.022883099631147378], [-7.997399614963312e-05, 2.4657905362984963e-06, 0.21054545723464282], [0.040923232539366326, -0.1940017272029531, 1.0]]"
IMG_20260518_203922.jpg,IMG_20260518_203935.jpg,845,2691,845,41,17,0.4146341463414634,91.41284906521966,2.7357649516555473,0.22069268824769409,0.055622541892044,0.9084250141954614,"[[8.694096300396911e-08, 7.937187933300322e-07, -0.00036522984697919794], [-1.6928196235035095e-06, 2.4441516918480333e-07, 0.003953471260043535], [-8.227025605976746e-05, -0.004004262452680678, 1.0]]"
IMG_20260518_203922.jpg,IMG_20260518_203937.jpg,845,1256,845,37,19,0.5135135135135135,42.36211407924533,0.966368660322619,0.25008268621548735,0.05499773855627193,0.966368660322619,"[[1.6660168167023591e-06, 2.021631185597263e-06, -0.006417889125383538], [7.329514194778711e-06, -1.9983733009878025e-06, -0.031526720581302806], [0.0018205328935029452, 0.028724867617732606, 0.9999999999999999]]"
IMG_20260518_203922.jpg,IMG_20260518_203940.jpg,845,858,845,45,16,0.35555555555555557,76.73571820769224,23.71535566527295,0.23840307151764234,0.006400381364183809,0.9555208315343079,"[[-7.093519264763938e-07, -1.3603857812197397e-06, 0.0022047924823834554], [2.362600628891722e-06, 3.28214127723526e-08, -0.0019200652436432552], [-0.002384510553059802, 0.0007447518521669402, 1.0]]"
IMG_20260518_203922.jpg,IMG_20260518_203942.jpg,845,681,845,25,9,0.36,132.320056533856,10.923554125842868,0.1587373970748164,1.4572208804590179e-12,0.7507524142378873,"[[-2.553393654306424e-06, -3.421413348759248e-06, 0.005707656294103269], [4.656114256575001e-06, -6.342373177915686e-07, -0.0022570936350335496], [-0.005070362740713473, 0.001920043704284907, 1.0]]"
IMG_20260518_203922.jpg,IMG_20260518_203946.jpg,845,1193,845,12,7,0.5833333333333334,53.439475451961464,2.6348549715842654e-13,1.3577233706057994e-13,1.7120115240560243e-13,2.803875847453721e-13,"[[-8.824075571098592e-07, 1.3968065439143912e-06, -0.0006725147506489624], [1.2573673249062446e-06, 1.6797845075770153e-07, -0.0005710925762197055], [-0.0007101223987366618, -0.0010509377063815616, 1.0]]"
IMG_20260518_203922.jpg,IMG_20260518_203948.jpg,845,1215,845,7,0,0.0,,,,,,
IMG_20260518_203924.jpg,IMG_20260518_203926.jpg,679,487,679,97,41,0.422680412371134,26.932392268704017,1.4152925362224757,0.45704337112376014,0.4819815364767532,0.9018399848724827,"[[2.3500432689554768e-07, 9.774806908749897e-06, -0.02313127810689375], [-1.0123114772257122e-05, 1.538640930602191e-07, -0.0012498439050397238], [0.022949156881528477, 0.00042526017434783186, 1.0]]"
IMG_20260518_203924.jpg,IMG_20260518_203929.jpg,679,965,679,34,12,0.35294117647058826,85.43497931834709,14.518973277709403,0.18263656169534861,1.9066825083348487e-12,0.8369274315757279,"[[1.4267710706733e-07, -2.7384157198214893e-06, 0.001812497189348384], [2.9410429684218706e-06, 4.57759114231981e-07, -0.002205208788491329], [-0.0025191813706335353, 0.0008863243433674302, 1.0]]"
IMG_20260518_203924.jpg,IMG_20260518_203931.jpg,679,1554,679,56,28,0.5,33.120832743149,1.0557892527155757,0.29144340411216824,0.31798099669450636,0.8938075033289393,"[[1.46594409394194e-08, 8.83473560427102e-07, -0.00027985565009582415], [-1.8815896169648702e-06, 4.7625651577334147e-07, 0.0065323621632383975], [0.0002526767368745095, -0.0073378385125764676, 1.0]]"
IMG_20260518_203924.jpg,IMG_20260518_203933.jpg,679,2541,679,55,26,0.4727272727272727,31.85692203102998,1.3204653638790695,0.3022176704562947,0.19999309381541797,0.9749788531051554,"[[-1.0842107070058217e-07, -2.075336324766681e-06, 0.001374296552713132], [1.3543282541738549e-06, 1.6565706337229893e-07, 0.0021162427428452974], [-0.0008066326118749558, -0.0031181166652323976, 0.9999999999999999]]"
IMG_20260518_203924.jpg,IMG_20260518_203935.jpg,679,2691,679,40,14,0.35,77.85615610974767,9.792016644249555,0.304338586203255,4.3743959009692724e-13,0.93090161377829,"[[-1.4384763982327112e-07, -6.033956429473651e-07, 0.00040852170547051915], [7.727252274261201e-07, 1.4457424025287428e-07, 0.0007039337789431343], [-0.0005815600658239106, -0.001743268383986699, 1.0]]"
IMG_20260518_203924.jpg,IMG_20260518_203937.jpg,679,1256,679,40,17,0.425,73.75029901063886,3.7297380427657183,0.2965142089697443,0.18662728921497962,0.996201926111272,"[[-9.839054662391512e-07, 3.815968868002483e-07, 0.0021230399668868403], [-1.321939941536839e-05, 3.2154038383552582e-06, 0.029393807120347188], [0.005177122824382577, -0.028768749556461703, 1.0]]"
IMG_20260518_203924.jpg,IMG_20260518_203940.jpg,679,858,679,52,23,0.4423076923076923,35.75086397087374,2.962424796326081,0.24336245000326337,0.15769561852526717,0.8190978121654522,"[[-3.754954345586408e-07, -1.2881358607283406e-06, 0.0020640325829662364], [1.3241117155778084e-06, 3.4810762909550417e-07, 0.0011573508186531588], [-0.0022901142219960815, -0.0020945081371847854, 1.0]]"
IMG_20260518_203924.jpg,IMG_20260518_203942.jpg,679,681,679,23,11,0.4782608695652174,69.627439313877,3.5383124559751287,0.08849837807409593,2.4551414666067525e-13,0.7907672825060875,"[[2.2851637715820642e-06, -3.5283041786741424e-06, 0.0006078461746043214], [2.5978320272212304e-06, 2.2777107822803308e-07, -0.0019330409405811492], [-0.002746899597728518, 0.001445549771969415, 0.9999999999999999]]"
IMG_20260518_203924.jpg,IMG_20260518_203946.jpg,679,1193,679,20,9,0.45,76.0515148919142,33.448579700700144,0.09557170667531839,2.1611487474578987e-12,0.7689840473932665,"[[2.637079624676126e-05, 6.057925261788735e-05, -0.08357594281535852], [-3.3006196130080427e-06, -3.0052511318494543e-05, 0.037903088894418825], [-0.00880828503764212, 0.0018044609752482727, 1.0]]"
