image_i,image_j,keypoints_i,keypoints_j,raw_matches,filtered_matches,ransac_inliers,inlier_ratio,mean_epipolar_error_all,median_epipolar_error_all,mean_epipolar_error_inliers,median_epipolar_error_inliers,max_epipolar_error_inliers,fundamental_matrix
IMG_20260516_204707.jpg,IMG_20260516_204711.jpg,497,523,497,39,21,0.5384615384615384,18.92826662796403,0.5462898806710436,0.18481616756317995,0.024177022062859266,0.5462898806710436,"[[-1.2929538797436557e-08, 1.4985155986047296e-06, -0.0008289992806155954], [1.9080894173535165e-07, 3.964450055833406e-07, -0.007385102839865776], [-0.00016005728747727133, 0.005628041871607477, 1.0]]"
IMG_20260516_204707.jpg,IMG_20260516_204716.jpg,497,595,497,12,8,0.6666666666666666,7.950508611289465,6.361188928085579e-14,3.776762231945086e-14,1.9471775958715394e-14,1.3597364807646453e-13,"[[-3.1496229201157763e-06, 1.1347058440097895e-06, 0.005184305652412065], [4.3907691625258085e-06, -1.2552272013164788e-06, -0.007715876070395858], [-0.004961898907194069, 0.006578550276947853, 1.0]]"
IMG_20260516_204707.jpg,IMG_20260516_204917.jpg,497,677,497,10,9,0.9,0.17200162583167866,0.0,3.969581665568049e-14,0.0,1.7991467341015115e-13,"[[8.887342123647841e-08, -4.022867289183218e-07, -0.0004918245385219724], [3.990498616614365e-07, 6.637494474604333e-07, -0.0031662859957394787], [-0.00024339270057091578, 0.0019962800368401633, 0.9999999999999999]]"
IMG_20260516_204707.jpg,IMG_20260516_204923.jpg,497,584,497,44,21,0.4772727272727273,17.47976778308593,1.4380973308640845,0.3154187361097576,0.37931055963059196,0.906136082517225,"[[4.057077424611239e-06, -1.9792794478161877e-05, 0.030226444173745416], [2.2950137862820568e-05, -6.146942211589036e-07, 0.020218585461028733], [-0.03444357685880272, -0.022226758360529637, 0.9999999999999999]]"
IMG_20260516_204707.jpg,IMG_20260516_204935.jpg,497,239,497,11,7,0.6363636363636364,29.528736615475463,0.0,1.3758155950118617e-14,0.0,9.630709165083031e-14,"[[2.2328200270534306e-07, 2.090398571995733e-06, 0.00012304243415554392], [-2.0897207892645076e-06, -4.0795725982724256e-08, 0.001374305559526194], [-0.0017935946041813416, -0.0014228901915519351, 1.0]]"
IMG_20260516_204707.jpg,IMG_20260516_204941.jpg,497,300,497,7,0,0.0,,,,,,
IMG_20260516_204707.jpg,IMG_20260516_204945.jpg,497,836,497,7,0,0.0,,,,,,
IMG_20260516_204707.jpg,IMG_20260516_204951.jpg,497,466,497,8,0,0.0,,,,,,
IMG_20260516_204707.jpg,IMG_20260516_204956.jpg,497,698,497,5,0,0.0,,,,,,
IMG_20260516_204707.jpg,IMG_20260516_205002.jpg,497,879,497,5,0,0.0,,,,,,
IMG_20260516_204707.jpg,IMG_20260516_205938.jpg,497,4000,497,11,7,0.6363636363636364,36.95273011190673,3.5901528280596245e-13,2.5037141321900184e-13,2.84310256270184e-13,4.657547885422406e-13,"[[6.360959790495103e-07, 1.6272784749875067e-06, -0.0017173508093173751], [-1.006490653267013e-06, 1.0813647749257845e-07, 0.000769623676935654], [0.00021857962735694246, -0.001631201084126416, 1.0]]"
IMG_20260516_204711.jpg,IMG_20260516_204716.jpg,523,595,523,79,50,0.6329113924050633,12.565615422106921,0.6433102245400973,0.3233147793160529,0.2611455883790017,0.9701229865252281,"[[-1.2852383334840566e-07, -1.1069788940668632e-07, 0.0005037026349152499], [1.1734439177584238e-06, 3.6272307698877676e-07, -0.003999677441702422], [-0.0010710271259131163, 0.0025351951484194678, 1.0]]"
IMG_20260516_204711.jpg,IMG_20260516_204917.jpg,523,677,523,2,0,0.0,,,,,,
IMG_20260516_204711.jpg,IMG_20260516_204923.jpg,523,584,523,19,12,0.631578947368421,39.79218906358987,0.027978452049951856,0.061604244837890794,2.8157760383324687e-13,0.6136046523562498,"[[1.8747778935885877e-05, -5.01107406875666e-05, 0.043314948438957335], [3.6022151394856695e-05, 6.3922454381754885e-06, -0.03567337347007088], [-0.05430657830128651, 0.03594202140667648, 1.0]]"
IMG_20260516_204711.jpg,IMG_20260516_204935.jpg,523,239,523,19,11,0.5789473684210527,79.36619265795767,1.2494600696317893e-11,0.06190040124679536,9.625300051602351e-13,0.6809044136885655,"[[9.323503911609003e-08, 4.020922600577828e-07, -0.000351551755001539], [6.431891546104244e-07, 1.0101092706959011e-06, -0.0012336265965370477], [-0.0004633362832568414, -0.000892441910183216, 1.0]]"
IMG_20260516_204711.jpg,IMG_20260516_204941.jpg,523,300,523,12,7,0.5833333333333334,102.63704732397719,2.1214879873742524e-13,1.3205120276653347e-13,1.4677685986158217e-13,2.392901131259663e-13,"[[3.187784817121323e-06, -5.323996709044395e-06, 0.002375851730112912], [6.92171695809604e-06, 2.865941117470681e-06, -0.006255379599864459], [-0.0047136086266296616, 0.0021683700074476417, 1.0]]"
IMG_20260516_204711.jpg,IMG_20260516_204945.jpg,523,836,523,17,11,0.6470588235294118,46.19616907292428,1.7763107044388427e-12,0.062384113927930016,1.4535555466194334e-12,0.43411164833670085,"[[-7.016211427907122e-07, -2.530072314818232e-06, 0.002799110017973426], [3.5980651525912855e-06, 2.8686452435558805e-06, -0.005247096334501533], [-0.0017594253386432445, 0.00033475771469937047, 1.0]]"
IMG_20260516_204711.jpg,IMG_20260516_204951.jpg,523,466,523,13,9,0.6923076923076923,41.97165855679978,8.45909027673047e-14,7.35033659311456e-14,4.159223447918417e-14,1.917253478983817e-13,"[[2.7421129857121908e-06, -1.2754937281084503e-06, -0.0029617751637339555], [2.5279397024701374e-06, -1.0640215052639019e-06, 0.0003459029165642639], [-0.0005856163217481696, 0.00028575990381136767, 1.0]]"
IMG_20260516_204711.jpg,IMG_20260516_204956.jpg,523,698,523,10,7,0.7,4.385127773015206,1.95268199610287e-13,1.2370614806923477e-13,1.1602186228072742e-13,2.824793833018488e-13,"[[2.1190997643002813e-07, 4.30665942788026e-06, -0.00418206369208646], [-7.939221387883477e-06, 1.1070833445990773e-06, 0.005316592617076285], [0.005149166090819135, -0.005492177973997183, 1.0]]"
IMG_20260516_204711.jpg,IMG_20260516_205002.jpg,523,879,523,5,0,0.0,,,,,,
IMG_20260516_204711.jpg,IMG_20260516_205938.jpg,523,4000,523,11,0,0.0,,,,,,
IMG_20260516_204716.jpg,IMG_20260516_204917.jpg,595,677,595,7,0,0.0,,,,,,
IMG_20260516_204716.jpg,IMG_20260516_204923.jpg,595,584,595,18,10,0.5555555555555556,45.68269007750167,0.12519556153221892,0.034627709762890924,3.1689090511298067e-13,0.12519556153221892,"[[9.939229943671046e-07, -1.0856536936698928e-06, 0.0005590639415015922], [8.860905224752222e-07, 8.057009926155457e-07, -0.001570206191890132], [-0.0015606383113746407, 9.467534285148826e-05, 0.9999999999999999]]"
IMG_20260516_204716.jpg,IMG_20260516_204935.jpg,595,239,595,22,10,0.45454545454545453,5.632874275581987,0.07377787123212708,0.035013000071878846,1.1236003305110714e-12,0.3216773310608019,"[[8.399169452656075e-07, 2.2764142124518855e-07, -0.000666439952330428], [1.8186390354806369e-06, 4.071453646228685e-07, -0.0011524787484665884], [-0.0014555294982646514, -0.00034876725743615344, 1.0]]"
IMG_20260516_204716.jpg,IMG_20260516_204941.jpg,595,300,595,9,0,0.0,,,,,,
IMG_20260516_204716.jpg,IMG_20260516_204945.jpg,595,836,595,16,8,0.5,29.185654580102593,1.4999036085407238,0.04721938944552077,5.240795090661061e-13,0.3777551155592235,"[[1.1433667757121936e-05, 3.6185941068254293e-06, -0.008565904229633717], [-7.198099370779067e-06, -2.3057253070652205e-06, 0.0054182785155776104], [-0.0016966612239059102, -0.000244240820849835, 1.0]]"
IMG_20260516_204716.jpg,IMG_20260516_204951.jpg,595,466,595,16,12,0.75,18.28425995549328,0.04064863269736859,0.16756401277728175,2.5533314859535875e-13,0.8218873528805696,"[[-8.933722531071119e-08, 1.849389807213285e-06, -0.0014718409797842972], [-1.6061735698347695e-06, 5.36640542295423e-07, 0.0007129542767190844], [0.0007800138903147377, -0.0018812113593476717, 1.0]]"
IMG_20260516_204716.jpg,IMG_20260516_204956.jpg,595,698,595,13,7,0.5384615384615384,293.79360319576705,2.657283456392732e-13,1.6080146582946514e-13,1.527519216812804e-13,2.657283456392732e-13,"[[4.920557543029834e-06, -2.7146208500042642e-06, -0.0022888217361988626], [-3.32817692644598e-07, 1.839215033820894e-07, 0.0005018992878214441], [-0.001713542175744176, 0.0009455244569493794, 1.0]]"
IMG_20260516_204716.jpg,IMG_20260516_205002.jpg,595,879,595,6,0,0.0,,,,,,
IMG_20260516_204716.jpg,IMG_20260516_205938.jpg,595,4000,595,12,0,0.0,,,,,,
IMG_20260516_204917.jpg,IMG_20260516_204923.jpg,677,584,677,43,20,0.46511627906976744,47.58305181905119,2.6859094395969345,0.2173765841979051,0.12600217440323552,0.9526539659965331,"[[1.352286972390754e-07, 2.7907670426170623e-06, -0.0016985478594579884], [-9.500164691063357e-06, -6.419102093130605e-06, 0.10424034890715347], [0.0006066458992006343, -0.09582895622168434, 1.0]]"
IMG_20260516_204917.jpg,IMG_20260516_204935.jpg,677,239,677,24,9,0.375,39.395790040324194,17.867715283724863,0.09271320550049861,1.71372418550079e-12,0.6105513302477763,"[[-7.2750001094801e-06, -2.264151968704434e-06, 0.007110932197976779], [8.05309780754035e-06, 2.4539610730761346e-06, -0.007820661373926353], [-0.00027583680341988385, -0.0008382578354853749, 1.0]]"
IMG_20260516_204917.jpg,IMG_20260516_204941.jpg,677,300,677,7,0,0.0,,,,,,
IMG_20260516_204917.jpg,IMG_20260516_204945.jpg,677,836,677,30,11,0.36666666666666664,52.642246244013116,12.993022415162399,0.1455918510241475,7.760662598748667e-13,0.9906365349066054,"[[-8.468604485689764e-06, 5.136304338866142e-06, 0.0016442517146761882], [1.1267368082863672e-05, -6.5396165657430705e-06, -0.002568486330078036], [-0.0034646209298422655, 0.0018485005828711599, 1.0]]"
IMG_20260516_204917.jpg,IMG_20260516_204951.jpg,677,466,677,8,7,0.875,0.9755691322634409,7.043700383129364e-13,6.162840159484961e-13,6.92613583571605e-13,1.313787216191577e-12,"[[1.9038781360729355e-06, 2.689445480657239e-06, -0.003650798798831488], [5.958506665406812e-06, -8.09671809088994e-06, 0.002222673605547167], [-0.005963730035436141, 0.00420222385791984, 1.0]]"
IMG_20260516_204917.jpg,IMG_20260516_204956.jpg,677,698,677,9,8,0.8888888888888888,16.811050901506324,2.1268340829356753e-13,8.496843885960868e-13,2.1268340829356753e-13,3.675058788047453e-12,"[[3.2101752092565296e-07, -5.209308092261799e-07, 0.000231638909838656], [2.7378139541684823e-06, -3.799878236299779e-07, -0.0016293692475587399], [-0.002003657636779881, 0.0004949834704260119, 0.9999999999999999]]"
IMG_20260516_204917.jpg,IMG_20260516_205002.jpg,677,879,677,6,0,0.0,,,,,,
IMG_20260516_204917.jpg,IMG_20260516_205938.jpg,677,4000,677,18,0,0.0,,,,,,
IMG_20260516_204923.jpg,IMG_20260516_204935.jpg,584,239,584,18,11,0.6111111111111112,43.23673069115607,0.23746718058397626,0.12265724204735434,3.285987658214302e-13,0.8742953013505058,"[[1.0689272294099273e-06, 1.4332063487603263e-06, -0.0016635223829342767], [-3.712455359787637e-06, 3.1077104441211127e-06, -0.0015808185268598636], [0.0012243364853821365, -0.0015508466405276468, 1.0]]"
IMG_20260516_204923.jpg,IMG_20260516_204941.jpg,584,300,584,8,0,0.0,,,,,,
IMG_20260516_204923.jpg,IMG_20260516_204945.jpg,584,836,584,12,8,0.6666666666666666,10.316639655976696,1.9807881502366718e-13,9.601649359508365e-14,0.0,3.7197431871333475e-13,"[[-5.790860935787858e-06, 3.1935165117974327e-06, 0.0008865383345929347], [4.0064726469046996e-06, 3.6004804118431917e-07, -0.0023283401791885446], [0.0005570497230346117, -0.0019332530646294283, 1.0]]"
IMG_20260516_204923.jpg,IMG_20260516_204951.jpg,584,466,584,7,0,0.0,,,,,,
IMG_20260516_204923.jpg,IMG_20260516_204956.jpg,584,698,584,5,0,0.0,,,,,,
IMG_20260516_204923.jpg,IMG_20260516_205002.jpg,584,879,584,8,0,0.0,,,,,,
IMG_20260516_204923.jpg,IMG_20260516_205938.jpg,584,4000,584,21,9,0.42857142857142855,37.60090088051267,32.73924216978112,0.10116233690387035,1.8714546986418066e-11,0.9104610319711155,"[[1.9412261905745283e-07, 3.565129250844399e-07, -0.0004697724575543487], [3.3359991797245787e-07, 3.992775306671145e-07, -0.0006029956125921323], [-0.0005086178756488746, -0.0006929893900118337, 1.0]]"
IMG_20260516_204935.jpg,IMG_20260516_204941.jpg,239,300,239,25,14,0.56,61.97295613976059,0.735413733177877,0.22359279257483813,1.796541504967872e-13,0.7828749104202672,"[[-1.098629163134114e-08, -5.376692839680845e-07, 0.0005915602455551104], [1.7747777108242081e-06, 4.6438545228109096e-07, -0.011647580841406631], [-0.0018667143021272167, 0.011094658832150918, 1.0]]"
IMG_20260516_204935.jpg,IMG_20260516_204945.jpg,239,836,239,6,0,0.0,,,,,,
IMG_20260516_204935.jpg,IMG_20260516_204951.jpg,239,466,239,4,0,0.0,,,,,,
IMG_20260516_204935.jpg,IMG_20260516_204956.jpg,239,698,239,1,0,0.0,,,,,,
IMG_20260516_204935.jpg,IMG_20260516_205002.jpg,239,879,239,3,0,0.0,,,,,,
IMG_20260516_204935.jpg,IMG_20260516_205938.jpg,239,4000,239,4,0,0.0,,,,,,
IMG_20260516_204941.jpg,IMG_20260516_204945.jpg,300,836,300,8,0,0.0,,,,,,
IMG_20260516_204941.jpg,IMG_20260516_204951.jpg,300,466,300,7,0,0.0,,,,,,
IMG_20260516_204941.jpg,IMG_20260516_204956.jpg,300,698,300,1,0,0.0,,,,,,
IMG_20260516_204941.jpg,IMG_20260516_205002.jpg,300,879,300,0,0,0.0,,,,,,
IMG_20260516_204941.jpg,IMG_20260516_205938.jpg,300,4000,300,3,0,0.0,,,,,,
IMG_20260516_204945.jpg,IMG_20260516_204951.jpg,836,466,836,28,17,0.6071428571428571,31.24506339430967,0.4899683674682912,0.2100531392951426,0.26992410984675985,0.5521441483306828,"[[2.741906233676138e-07, 4.306923114079483e-06, -0.004776170227253842], [-3.655810183324168e-06, 2.228889594362675e-08, -0.00031988776150533246], [0.003646785861765528, -0.0006334070307417167, 0.9999999999999999]]"
IMG_20260516_204945.jpg,IMG_20260516_204956.jpg,836,698,836,19,9,0.47368421052631576,80.97564018920667,4.854100716398738,0.136738102875536,9.623480570926795e-14,0.7565002155366408,"[[3.034939224665177e-06, -3.7675118366203293e-06, -0.0005567763781251225], [3.7670677433001354e-06, -3.3229794876855444e-07, -0.001650147816654427], [-0.0032106851342005227, 0.0021241324423138985, 1.0]]"
IMG_20260516_204945.jpg,IMG_20260516_205002.jpg,836,879,836,3,0,0.0,,,,,,
IMG_20260516_204945.jpg,IMG_20260516_205938.jpg,836,4000,836,6,0,0.0,,,,,,
IMG_20260516_204951.jpg,IMG_20260516_204956.jpg,466,698,466,31,17,0.5483870967741935,38.88324588405234,0.8149142090711391,0.33201867395193424,0.1692691907523258,0.9092210145522998,"[[1.7713555491812645e-06, -9.81441941075215e-06, 0.0033224587496085], [1.2572253908904018e-05, -1.7523329502314778e-06, -0.012486870326329995], [-0.007635206678670755, 0.013458746631260657, 1.0]]"
IMG_20260516_204951.jpg,IMG_20260516_205002.jpg,466,879,466,9,7,0.7777777777777778,114.45818691227879,1.8816083208178893e-13,2.1036545945470024e-13,1.824839601911403e-13,6.136394819580857e-13,"[[-7.354211027940726e-07, 2.2787632502110645e-06, -0.0010274073987466834], [-2.772081872456196e-07, 5.668494569404245e-07, -0.000272211115972464], [0.000697094183732274, -0.002226358332117576, 1.0]]"
IMG_20260516_204951.jpg,IMG_20260516_205938.jpg,466,4000,466,21,0,0.0,,,,,,
IMG_20260516_204956.jpg,IMG_20260516_205002.jpg,698,879,698,44,27,0.6136363636363636,14.016225930329886,0.7786180206333569,0.31694508675415595,0.09816166012685172,0.9317264786141793,"[[3.6398039918150166e-08, 1.0548214667601955e-06, -0.0014006898230031247], [-3.7027378393816437e-06, 9.200311882199352e-07, 0.033403816714877965], [0.003454465470940881, -0.03276853199797452, 1.0]]"
IMG_20260516_204956.jpg,IMG_20260516_205938.jpg,698,4000,698,5,0,0.0,,,,,,
IMG_20260516_205002.jpg,IMG_20260516_205938.jpg,879,4000,879,8,0,0.0,,,,,,
