image_i,image_j,keypoints_i,keypoints_j,raw_matches,filtered_matches,ransac_inliers,inlier_ratio,mean_epipolar_error_all,median_epipolar_error_all,mean_epipolar_error_inliers,median_epipolar_error_inliers,max_epipolar_error_inliers,fundamental_matrix
similar1.jpg,similar10.jpg,521,840,521,93,41,0.44086021505376344,21.488817287821558,1.138607985508538,0.275745848231535,0.1544710841152338,0.9652458472707038,"[[6.737722081888822e-07, 4.0116828292452e-06, -0.020417736004978634], [-3.187651596547837e-06, -3.035937417454292e-07, 0.008388175596005994], [0.01895156235148363, -0.008965430947178018, 1.0]]"
similar1.jpg,similar2.jpg,521,2541,521,4,0,0.0,,,,,,
similar1.jpg,similar3.jpg,521,1554,521,14,8,0.5714285714285714,61.66975590501774,0.3444779693625571,0.08611949234123127,7.792338305922786e-13,0.6889559387216057,"[[-5.550251303550282e-07, 2.922214372520728e-06, -0.0026743193815555134], [-5.717186256057937e-07, 1.43196271133532e-07, 0.00018793305131711553], [0.0007611655942330911, -0.0014086590455629447, 1.0]]"
similar1.jpg,similar4.jpg,521,965,521,15,9,0.6,117.02510726483138,0.035039844086440536,0.030187176546475132,1.5660593880439538e-12,0.23664474481935868,"[[1.3896291377262223e-06, 9.248665305262526e-07, -0.0015482808782266262], [-3.5543254209357423e-07, 4.808880035760474e-07, -0.00021411864177638392], [-0.00046861389640102296, -0.0008738257608932569, 0.9999999999999999]]"
similar1.jpg,similar5.jpg,521,487,521,22,8,0.36363636363636365,99.34514363330494,48.99198772933151,0.004995405555877932,1.0707829481719435e-12,0.039963244439570896,"[[-7.738296684882462e-07, 1.3596941557909381e-06, -0.001059603179173366], [5.141952913524551e-07, 1.2806897923465214e-07, -0.00045246618077629053], [-8.498779775079643e-05, -0.0008463916464943758, 0.9999999999999999]]"
similar1.jpg,similar6.jpg,521,679,521,20,9,0.45,83.9794273297847,9.230657558581694,0.04288667962689636,2.5164031473002345e-13,0.25436344580737236,"[[-6.999098669173843e-08, 9.002120890070967e-06, -0.007617866384683435], [-4.729012288218919e-06, -1.8234798544863347e-06, 0.0025691211172806376], [0.0035609527980818147, -0.0020878324476299778, 1.0]]"
similar1.jpg,similar7.jpg,521,845,521,15,8,0.5333333333333333,81.80530508728586,0.2135418330587364,0.026692729132494875,1.57161115185686e-13,0.2135418330587364,"[[2.8414446529311698e-06, 2.461022769468817e-06, -0.00555842789487932], [-4.337746013862794e-06, 3.3483259976491415e-07, 0.0028814765125499053], [0.003875491815231234, -0.002909043141733568, 1.0]]"
similar1.jpg,similar8.jpg,521,565,521,34,9,0.2647058823529412,131.35643555166456,95.60758817790474,0.10358258498902242,3.81871135310012e-12,0.60248425510159,"[[1.243172659653351e-06, -5.73108517625918e-07, -9.987731935699624e-05], [-3.012445938397621e-06, 2.535592296640187e-06, -0.0008019758653806168], [0.002244374135847549, -0.0023312526204484303, 1.0]]"
similar1.jpg,similar9.jpg,521,705,521,48,19,0.3958333333333333,39.542261652702386,3.1666042744745173,0.23611441166987035,0.1925587031764238,0.8278968532054464,"[[7.222977802519233e-07, 1.370675686272145e-06, -0.01288370074705754], [-2.583372505728856e-07, -5.964466089811686e-07, 0.005411629638496646], [0.011416886250092803, -0.00538068491663274, 1.0]]"
similar10.jpg,similar2.jpg,840,2541,840,23,9,0.391304347826087,96.279290484546,22.83578007719042,0.0687883943479591,5.114788293865977e-13,0.5206465041837822,"[[-9.62419030326523e-07, 3.809669398304464e-08, 0.0009108120404064968], [1.6517551853688275e-06, 3.057130959316082e-07, -0.0011986078522115058], [-0.0015228877240351965, -0.00038883557623711713, 1.0]]"
similar10.jpg,similar3.jpg,840,1554,840,22,10,0.45454545454545453,123.27786931181134,4.55705396609627,0.20033304346959188,1.7518679492350615e-13,0.9107209659768293,"[[1.5198140168170637e-07, -2.899987570733944e-06, 0.0018450566221526598], [2.364780483310232e-06, 1.7643519290278682e-06, -0.0026271858156724287], [-0.001560177184454579, -6.681146821071982e-05, 1.0]]"
similar10.jpg,similar4.jpg,840,965,840,18,9,0.5,80.29563873973467,2.009032872355719,0.1148947540846975,3.316255202617739e-13,0.6852754250652856,"[[7.454633256432772e-07, 2.0439431764742567e-06, -0.0020793944605358734], [-1.6898376507290068e-06, 4.354950220946513e-07, -0.0004106709857704933], [0.001340656202012515, -0.0010123875390962405, 1.0]]"
similar10.jpg,similar5.jpg,840,487,840,53,11,0.20754716981132076,110.10894810927246,72.36687344206706,0.004668900929515032,1.020564996355593e-12,0.034400499593443046,"[[-7.255528754927051e-07, -5.273726286968299e-06, 0.005462486016372793], [2.4594277947500976e-06, 3.5562136897634362e-06, -0.005259200462748043], [-0.0015160039567524866, 0.0002295083587377528, 1.0]]"
similar10.jpg,similar6.jpg,840,679,840,38,12,0.3157894736842105,81.4999955886721,27.345934864651447,0.15729347352753795,1.8525742814906353e-13,0.7514292688464217,"[[4.792198472007399e-07, 5.334950901451062e-07, -0.0012267166530585214], [2.1372393973571575e-07, 3.0852549416490327e-07, -0.001102707469524701], [5.5349603239039926e-05, -8.344326985575476e-05, 1.0]]"
similar10.jpg,similar7.jpg,840,845,840,25,10,0.4,76.79568542271892,6.417539980278374,0.1262012533529981,7.660636464232482e-13,0.9068686335406653,"[[1.8678069054740764e-06, 3.5736446653895277e-06, -0.004993391165266186], [-3.717527842004684e-06, 1.0232108658513374e-07, 0.001572568575105848], [0.002867382830725182, -0.001987441199865826, 1.0]]"
similar10.jpg,similar8.jpg,840,565,840,75,21,0.28,82.37179700009465,12.0712694923659,0.2836873742618784,0.10957839862339323,0.8582961780316853,"[[3.3393990501502983e-06, -3.2961465741546036e-05, 0.012441767476749717], [3.110928640220051e-05, 2.087681703932163e-06, -0.01180390462662528], [-0.014630639194292411, 0.010035816231121998, 1.0]]"
similar10.jpg,similar9.jpg,840,705,840,117,50,0.42735042735042733,39.358030814026876,1.6294617795496926,0.4068630505602536,0.3602418360383176,0.9943562844345969,"[[1.0327583992470084e-06, 4.412297075421311e-06, -0.026835886280683525], [-4.325268201998231e-06, -2.9983223152653934e-07, 0.012681333956189441], [0.025810682330885282, -0.012190272422376823, 1.0]]"
similar2.jpg,similar3.jpg,2541,1554,2541,330,255,0.7727272727272727,5.80433451646703,0.22703336349068157,0.24070537125177274,0.16061470177261244,0.9743584570262461,"[[2.0494783069025503e-06, -6.842795182613235e-06, 0.039985672605635084], [7.725155153243544e-06, -2.002617453731028e-07, -0.008946874359340438], [-0.04172587611283466, 0.008667243609760454, 1.0]]"
similar2.jpg,similar4.jpg,2541,965,2541,53,25,0.4716981132075472,34.41854371016564,1.5600872805675579,0.1910441783258624,0.08544870090002349,0.8575145761171804,"[[-1.5760934470254146e-05, 4.025122125329597e-05, 0.0295587289360861], [-4.307081996962411e-05, 3.051196008695387e-06, -0.011585262511357457], [-1.3630928325617802e-05, 0.0011631062305636573, 1.0]]"
similar2.jpg,similar5.jpg,2541,487,2541,76,22,0.2894736842105263,71.5399774819617,9.996747887920243,0.18319585938174948,0.14768478099847526,0.598374058582428,"[[2.1524164552580617e-06, -7.940215655961584e-06, 0.009845742467653393], [6.3073395133342056e-06, 1.984142057932335e-07, -0.008710218295250524], [-0.0112562295373036, 0.008732313470640681, 1.0]]"
similar2.jpg,similar6.jpg,2541,679,2541,79,22,0.27848101265822783,71.05953348834414,5.043162482190047,0.27792006576789396,0.22614797077397072,0.7139706292789929,"[[-2.2547624754503555e-07, 1.482223848088159e-06, -0.0015097701553732055], [-1.964152397706846e-06, 1.2803232784724416e-07, -0.0022368989768213423], [0.0019625983690022713, 0.0013186834741101, 0.9999999999999999]]"
similar2.jpg,similar7.jpg,2541,845,2541,72,27,0.375,62.21725895127143,7.915419095653867,0.35552278032105905,0.32731113626555125,0.8275106279684913,"[[-3.5679771378020695e-07, 1.1796893118311678e-06, -0.0018791707433744361], [-2.282109911822251e-06, 4.701905690392352e-07, -0.004312457130122505], [0.0026961530132251013, 0.003203741636875664, 1.0]]"
similar2.jpg,similar8.jpg,2541,565,2541,71,12,0.16901408450704225,90.6161140111816,96.89951956830997,0.054988757285414504,1.6757625901290463e-13,0.4223386143870104,"[[-3.757268014171437e-08, 5.274278515818251e-07, -0.0005376326469992949], [-2.793429744538158e-07, 2.6907613437710773e-07, -0.00146679473648158], [0.0002286434013376415, 6.926482344161026e-05, 1.0]]"
similar2.jpg,similar9.jpg,2541,705,2541,25,9,0.36,76.47452148612136,40.1918727185428,0.10670347349370204,1.246264922828373e-13,0.9002911818741195,"[[3.2146248641755295e-06, -5.970619965084488e-06, 0.006161080707651802], [5.885755004093206e-06, 4.275090167559876e-08, -0.0037055798334412306], [-0.008752881213362937, 0.00323966169194323, 1.0]]"
similar3.jpg,similar4.jpg,1554,965,1554,82,53,0.6463414634146342,25.922158261015678,0.5025924174150614,0.268391774186612,0.17583498307984552,0.9990317144927195,"[[8.692585569391865e-07, 1.1484167772470023e-05, 0.025135791623357537], [-1.0730309496465544e-05, -8.25124227310717e-07, -0.008294446264399128], [-0.026785250681163317, 0.008069967799814092, 1.0]]"
similar3.jpg,similar5.jpg,1554,487,1554,82,27,0.32926829268292684,74.43385598722706,6.260284187667976,0.201103751119966,0.14888698027513936,0.724282937122425,"[[6.166423396261797e-07, -4.176922727261836e-06, 0.003078999397138246], [3.5628916403772655e-06, 1.958487749559876e-07, -0.005085596288002019], [-0.004039344715628534, 0.004846532774351868, 1.0]]"
similar3.jpg,similar6.jpg,1554,679,1554,80,33,0.4125,71.27793344374939,2.902572494060313,0.26807577085581413,0.2091459462488656,0.7754859857347881,"[[1.3792336084456942e-07, -3.416496701012809e-06, 0.0012053544414601762], [2.199090251302427e-06, 5.497900414312365e-07, -0.009171832299942602], [-0.0013316019874916821, 0.008492750569682257, 1.0]]"
similar3.jpg,similar7.jpg,1554,845,1554,70,24,0.34285714285714286,82.8092870416212,3.937960895665186,0.29118097705109897,0.27042648989663043,0.7150803565554146,"[[2.700104530101924e-08, 6.355955704645586e-06, -0.0026119919274460953], [-4.263319052940134e-06, -1.0398422953555514e-06, 0.014670201538379252], [0.0014798642708167516, -0.014994649341308348, 1.0]]"
similar3.jpg,similar8.jpg,1554,565,1554,54,11,0.2037037037037037,80.54332698665151,63.03451174988541,0.1672935650365175,8.877391195745953e-13,0.5994123506344164,"[[-5.095562766604659e-06, 8.43314929772241e-06, -0.005008785238374097], [-1.6684984522535133e-05, 6.94781137851334e-06, 0.002187852853481735], [0.015683887256325208, -0.009929071549507645, 1.0]]"
similar3.jpg,similar9.jpg,1554,705,1554,23,10,0.43478260869565216,74.11058036715247,70.36535702008115,0.022626853229105768,5.278798032389337e-13,0.21184470621272553,"[[6.649013823465171e-07, -7.421316610952081e-07, 0.0006964819716103197], [2.1598787939195135e-06, -9.345256741305341e-08, -0.0014101680574913893], [-0.0026071295293837973, 0.0005558514169660287, 0.9999999999999999]]"
similar4.jpg,similar5.jpg,965,487,965,81,37,0.4567901234567901,36.33698785463425,1.0668289032470863,0.23820574137429212,0.17635342938427173,0.7407804109545101,"[[1.7508963522982755e-08, -2.8454100222734485e-06, 0.00023109613929989383], [2.776464116231577e-06, 4.377702013304379e-07, -0.004045278996444387], [-0.0008875533691842667, 0.00311390387380696, 1.0]]"
similar4.jpg,similar6.jpg,965,679,965,29,15,0.5172413793103449,40.099166613402595,0.8519809625160751,0.17155080533548972,6.008349467303926e-13,0.904823425617612,"[[-2.5103609587078806e-07, 2.3254162341942615e-06, -0.002688956117838502], [-1.2911076863752923e-06, -1.509173663461784e-07, 0.0011881039849485826], [0.0016264558045665297, -0.0018233070386326912, 1.0]]"
similar4.jpg,similar7.jpg,965,845,965,20,10,0.5,42.48636127526896,1.8261767176638855,0.08772507731044232,7.895532166552609e-13,0.39408719893810373,"[[1.3686778414464661e-07, 2.0436923320229022e-06, -0.0020152949033259786], [-1.0780819783159648e-06, -4.1388090905927984e-08, 0.0005917572952169918], [0.0006595736150302645, -0.0014057046804349933, 1.0]]"
similar4.jpg,similar8.jpg,965,565,965,20,9,0.45,86.08726547607998,27.802845968938502,0.012925257419218076,1.9311173105197054e-12,0.10321835711208639,"[[-9.526715796970186e-07, -1.0395875410448574e-06, 0.0014864363996863947], [2.634893425357362e-06, 5.683834490128234e-07, -0.0020245915780996502], [-0.0020653604309208316, 0.00020342526564783237, 1.0]]"
similar4.jpg,similar9.jpg,965,705,965,16,8,0.5,108.33387344401925,32.307951910355726,0.09456820885591789,1.340110763076135e-12,0.7565456708377584,"[[1.3549896981948164e-06, 7.34472508934282e-07, -0.0017041668566172355], [-2.272374978293577e-06, 1.663480784115631e-06, -0.00022439317225029997], [0.001562405247976446, -0.001938122436507951, 0.9999999999999999]]"
similar5.jpg,similar6.jpg,487,679,487,83,45,0.5421686746987951,18.167723246836772,0.6663539410623927,0.32372239434678646,0.31082564708888616,0.9445337520714018,"[[4.1880505657043274e-07, -6.223680446647582e-06, 0.019454108287746553], [5.82669532316685e-06, -1.2350814702505992e-07, 0.0024401566517207826], [-0.02037648281832058, -0.0026413408019476934, 1.0]]"
similar5.jpg,similar7.jpg,487,845,487,52,32,0.6153846153846154,15.855611384993805,0.7037796879307797,0.3654576353909669,0.2719505752779719,0.9942563582146569,"[[1.3519009140855243e-06, -1.1586788181238745e-05, 0.02622727489877479], [9.804242583471509e-06, -6.663268659689344e-07, 0.0009138529688154309], [-0.027711428873414844, 0.0003054223094515157, 1.0]]"
similar5.jpg,similar8.jpg,487,565,487,19,11,0.5789473684210527,62.77257876308702,0.5800451405946339,0.18200713595474421,4.774229550175934e-13,0.9314005861431822,"[[4.189446534602897e-07, -4.3725020029966684e-06, 0.004001303644397724], [5.600036406512097e-06, 4.0856799652599946e-07, -0.005525036894755544], [-0.005393997907825254, 0.003916895310625502, 1.0]]"
similar5.jpg,similar9.jpg,487,705,487,21,10,0.47619047619047616,59.25721643235695,3.049668762401601,0.09211060632643281,1.5707777086340133e-12,0.4316703068846577,"[[6.2390976046959116e-06, -2.6475982967609987e-05, 0.0271873875454558], [2.3791484167022758e-05, -6.4299682557573e-09, -0.009714147347462294], [-0.026968510788116754, 0.008920846203380565, 1.0]]"
similar6.jpg,similar7.jpg,679,845,679,153,98,0.6405228758169934,15.557533939913387,0.6045769229017113,0.36037861465159465,0.3047737236792073,0.9883756924088863,"[[-4.808536903317318e-06, 9.521334223684832e-05, -0.19178766374152748], [-8.809243725261772e-05, 2.1682523199960824e-06, 0.02802161746573734], [0.19591488388466907, -0.035969585787730754, 1.0]]"
similar6.jpg,similar8.jpg,679,565,679,46,23,0.5,47.8086927845326,0.8647364647173792,0.18100310459515526,0.08389120550569903,0.7396506009927982,"[[-6.070931844304757e-06, -2.4301780634480717e-06, -0.020721930225332648], [-2.319792265373052e-06, 5.815314805223975e-06, -0.03603065857754978], [0.025250197588244316, 0.03054303450657336, 1.0]]"
similar6.jpg,similar9.jpg,679,705,679,32,14,0.4375,64.99307244081811,2.761410976167871,0.17053009772511482,0.008542253446199572,0.7424561145485816,"[[2.625642875216741e-07, 8.146809926369272e-07, 4.384309348036194e-05], [7.614226194454729e-07, -1.4581087647841592e-07, 0.0033754065093483453], [-0.001101483949359216, -0.004331909880512185, 1.0]]"
similar7.jpg,similar8.jpg,845,565,845,49,19,0.3877551020408163,58.06236548000791,20.360430985690318,0.24569198416593108,0.22118885958310347,0.7376092771203449,"[[1.3629953533577364e-06, 2.823637913480047e-06, -0.0005585175242252772], [6.031631490743956e-07, -6.046576134135951e-07, 0.006151068542848657], [-0.0033922275091009626, -0.006914446702616208, 1.0]]"
similar7.jpg,similar9.jpg,845,705,845,40,15,0.375,56.32182627213494,24.803135349349603,0.09396849833177301,7.905748999151629e-13,0.6850315216661694,"[[-1.535349207973602e-06, -4.721792719031084e-06, 0.003809309434497385], [4.7405399050892925e-06, 1.5597910843824995e-06, -0.004887979507853612], [-0.002309948611868325, 0.001857175478574298, 1.0]]"
similar8.jpg,similar9.jpg,565,705,565,93,57,0.6129032258064516,18.6824175979102,0.6902479151264876,0.34472228566485236,0.2729473185093469,0.9597310081154153,"[[-4.7097180107609306e-07, -1.6124802279012305e-06, -0.0019435225940142749], [1.6589558780642353e-06, 5.933720727763017e-07, 0.003055631094224143], [0.0028071246627783025, -0.004592606283072098, 1.0]]"
