image_i,image_j,keypoints_i,keypoints_j,raw_matches,filtered_matches,ransac_inliers,inlier_ratio,mean_epipolar_error_all,median_epipolar_error_all,mean_epipolar_error_inliers,median_epipolar_error_inliers,max_epipolar_error_inliers,fundamental_matrix
IMG_20260518_203902.jpg,IMG_20260518_203904.jpg,578,598,578,83,44,0.5301204819277109,9.704962725770297,0.8016109638276636,0.3568858818145629,0.32512991406357467,0.9215853438045826,"[[9.115621144040135e-07, -5.345470845633996e-06, -0.02617139220471987], [3.731628456772575e-06, -1.0743236153943722e-06, -0.011497334566444719], [0.02877005072983, 0.011220544697811115, 1.0]]"
IMG_20260518_203902.jpg,IMG_20260518_203906.jpg,578,521,578,67,27,0.40298507462686567,36.62154998472685,1.551933942362849,0.3513762422545868,0.3602813069966145,0.9128575684051433,"[[4.7551824942932094e-07, 1.8455875579578533e-06, -0.0027822312065758146], [-2.3578321560043714e-06, 3.46600517137969e-07, 0.003414284300336117], [0.002277033099083408, -0.0042663200059760605, 1.0]]"
IMG_20260518_203902.jpg,IMG_20260518_203908.jpg,578,840,578,42,16,0.38095238095238093,80.39951921708602,3.367803048745203,0.14744359659048656,3.4962990203502474e-13,0.639505115469982,"[[4.4605791043279577e-07, 1.4706186270190647e-06, -0.002828926821259337], [-1.5704279319977252e-06, 1.424284937325805e-07, 0.0022892908460009193], [0.002077527091954284, -0.0029824801663160634, 1.0]]"
IMG_20260518_203902.jpg,IMG_20260518_203909.jpg,578,705,578,13,7,0.5384615384615384,109.3744755221557,9.805522011294992e-14,3.8253666321061135e-14,4.188757522457739e-14,9.805522011294992e-14,"[[-2.944844383363951e-06, 3.210725035569111e-06, -0.0019127724272800484], [1.1521736609535047e-06, 5.348611526241497e-06, 0.002075802378331324], [0.0030575899024289223, -0.008239657941128143, 1.0]]"
IMG_20260518_203902.jpg,IMG_20260518_203913.jpg,578,565,578,10,7,0.7,66.18891021590198,3.7049033803430866e-13,3.982324729853757e-13,1.7367297069510653e-13,1.5144002112258133e-12,"[[-3.233744210185655e-06, -1.3778194443863158e-07, 0.0019422585976554023], [5.701365708688583e-07, 2.560316835739776e-06, -0.0029350493463398226], [0.001217604503154061, -0.0016416522981089054, 0.9999999999999999]]"
IMG_20260518_203902.jpg,IMG_20260518_203922.jpg,578,845,578,13,7,0.5384615384615384,171.56866754990122,4.147796309911704e-13,2.392025188791864e-13,2.0688376824654324e-13,4.147796309911704e-13,"[[2.6080143439931547e-08, 6.936035260256684e-07, -0.0003633073829317879], [2.1033800557070907e-07, 5.76928915769939e-07, -0.0003840355528736106], [-0.0011463841198841866, -0.0009904767890779652, 1.0]]"
IMG_20260518_203902.jpg,IMG_20260518_203924.jpg,578,679,578,12,7,0.5833333333333334,90.69181923926341,3.5385644467345773e-13,1.6600087868200858e-13,2.2628084374838563e-13,4.408560251606206e-13,"[[1.365418016389281e-06, 7.856634627698956e-07, -0.0004350212570103099], [4.095367403899959e-07, 1.0673334920212468e-06, -7.366113836685053e-05], [-0.0030944302298275476, -0.001573900855633406, 1.0]]"
IMG_20260518_203902.jpg,IMG_20260518_203926.jpg,578,487,578,17,9,0.5294117647058824,32.50284078436541,0.6736275588473416,0.08568398326389753,1.5092788877274068e-12,0.6736275588473416,"[[4.7033938090351193e-07, -2.5537856045761163e-07, 7.271699169854789e-05], [-5.080612535019208e-07, 1.1759895711976126e-06, -0.0008813742589501446], [0.00023977513051260928, -0.00120982834209288, 1.0]]"
IMG_20260518_203902.jpg,IMG_20260518_203929.jpg,578,965,578,15,10,0.6666666666666666,63.487316605954604,0.37568902361031614,0.16316469893471602,1.3551731404639732e-13,0.683654292136878,"[[6.977148905023176e-05, -0.0002914705366486605, 0.11001881975773159], [-0.00015291127439761378, -1.591935068007919e-05, 0.3480246235638654], [0.0859551436809343, -0.20956737677080955, 1.0]]"
IMG_20260518_203902.jpg,IMG_20260518_203931.jpg,578,1554,578,5,0,0.0,,,,,,
IMG_20260518_203902.jpg,IMG_20260518_203933.jpg,578,2541,578,6,0,0.0,,,,,,
IMG_20260518_203902.jpg,IMG_20260518_203935.jpg,578,2691,578,10,7,0.7,51.05533168711291,3.1742380673697997e-13,1.840257570837798e-13,8.671892560270991e-14,5.019155220678079e-13,"[[1.2136741978042286e-06, 9.75239186118776e-07, -0.0015720738654028698], [-1.328618898890038e-06, 8.000647292705726e-07, -0.0003243869130891794], [0.0010910599162420249, -0.0013268960114384686, 1.0]]"
IMG_20260518_203902.jpg,IMG_20260518_203937.jpg,578,1256,578,3,0,0.0,,,,,,
IMG_20260518_203902.jpg,IMG_20260518_203940.jpg,578,858,578,3,0,0.0,,,,,,
IMG_20260518_203902.jpg,IMG_20260518_203942.jpg,578,681,578,9,7,0.7777777777777778,17.28368501655506,1.394837339428726e-13,1.4393887565335702e-13,1.0867241583569927e-13,3.602982721389339e-13,"[[4.9641760080554446e-05, 3.90673710333495e-05, -0.0552291140228917], [-6.516845296362698e-05, -4.675859847514172e-06, 0.03932432679901009], [0.00850066085798462, -0.008000979215070095, 1.0]]"
IMG_20260518_203902.jpg,IMG_20260518_203946.jpg,578,1193,578,4,0,0.0,,,,,,
IMG_20260518_203902.jpg,IMG_20260518_203948.jpg,578,1215,578,7,0,0.0,,,,,,
IMG_20260518_203904.jpg,IMG_20260518_203906.jpg,598,521,598,37,15,0.40540540540540543,48.91418787431555,4.320937564743599,0.2251723887379971,3.0100390180536466e-13,0.8366860528422772,"[[-5.841021183274453e-06, 2.9434791007852317e-05, 0.012953697900672603], [-2.436788917612825e-05, -1.6267022687281265e-07, 0.003047460854759047], [-0.018690523832198415, -0.0033497489242409776, 1.0]]"
IMG_20260518_203904.jpg,IMG_20260518_203908.jpg,598,840,598,22,10,0.45454545454545453,73.11930132015335,13.076627248669327,0.06756967681172919,1.3565361167783504e-12,0.4142804826717439,"[[4.714358933651442e-07, 1.4300206877974278e-06, -0.0019503324181136695], [-6.742417001347293e-07, -2.885417555652175e-09, 0.0004904231898388913], [0.00028359942800146944, -0.001070422712513285, 1.0]]"
IMG_20260518_203904.jpg,IMG_20260518_203909.jpg,598,705,598,15,8,0.5333333333333333,73.92260609994035,0.5439471475744654,0.06799339344755218,4.187437300712915e-13,0.5439471475744654,"[[8.971639634406738e-06, -3.9826402385167654e-07, -0.004045459613441254], [-5.677775766667916e-07, -4.5932068665984895e-07, 0.0008710769598066377], [-0.0030545488673782697, 0.0004328590481521627, 1.0]]"
IMG_20260518_203904.jpg,IMG_20260518_203913.jpg,598,565,598,8,7,0.875,3.3505644299417723,9.530304940452957e-14,1.3459123707268431e-13,8.90118295794684e-14,3.415164327083641e-13,"[[1.49164031824552e-06, 5.292346160923579e-07, -9.593301490588934e-05], [-1.130585425620527e-06, 1.6359323150843487e-06, -0.0023765530298317065], [0.00041966364883301506, -0.0007052553139862124, 1.0]]"
IMG_20260518_203904.jpg,IMG_20260518_203922.jpg,598,845,598,11,7,0.6363636363636364,54.59643057632073,1.4482732221263037e-13,7.45707036792329e-14,3.4325139760910915e-14,2.2501150614211195e-13,"[[3.374927089571008e-06, 2.645678944787112e-06, -0.001558943502901974], [-2.5506931118865094e-06, 1.244816090902611e-06, -0.0019391289189663993], [0.00027548191214661237, -0.0009572242585620161, 1.0]]"
IMG_20260518_203904.jpg,IMG_20260518_203924.jpg,598,679,598,9,7,0.7777777777777778,29.786190799900055,2.28003642755322e-13,1.9864315598619492e-13,1.9053063679466335e-13,3.504372777558349e-13,"[[-6.470735297300303e-06, 6.254450466747062e-06, -0.0005533979114086862], [-7.547934065755653e-06, 4.804013115798936e-06, -0.0009756638529995266], [0.009211185967410334, -0.007301562545702916, 0.9999999999999999]]"
IMG_20260518_203904.jpg,IMG_20260518_203926.jpg,598,487,598,8,0,0.0,,,,,,
IMG_20260518_203904.jpg,IMG_20260518_203929.jpg,598,965,598,10,7,0.7,87.01809921216775,4.92351512469091e-12,2.11231100739788e-11,3.9734095286822615e-13,1.3761739931560155e-10,"[[1.4028980612039871e-06, -7.073304215137288e-07, -1.202824146812673e-05], [4.046619421917826e-06, -4.969217952333568e-07, -0.0015199189218114814], [-0.00366258670675703, 0.0008401414973152647, 1.0]]"
IMG_20260518_203904.jpg,IMG_20260518_203931.jpg,598,1554,598,10,7,0.7,88.10453297803447,1.1662827447553108e-13,1.0950716826902075e-13,8.210072794606281e-14,3.328458182891693e-13,"[[2.330856394345706e-06, -1.1476448017360957e-07, -0.0013526198819316412], [-2.3050898254739706e-07, 2.0993845118650466e-08, 0.00013060249953881687], [-0.0016485157863176893, -5.095668871060493e-05, 0.9999999999999999]]"
IMG_20260518_203904.jpg,IMG_20260518_203933.jpg,598,2541,598,4,0,0.0,,,,,,
IMG_20260518_203904.jpg,IMG_20260518_203935.jpg,598,2691,598,8,7,0.875,55.52347580896328,5.4889348104547954e-14,1.1881070470633644e-13,0.0,4.4699701258796443e-13,"[[-8.192583631001569e-07, -4.311929333872054e-07, 0.0006510334211308066], [-4.640182541700986e-09, 1.4118864585318086e-06, -0.001377228544926445], [0.0002516367525700458, -0.0010965589071026969, 0.9999999999999999]]"
IMG_20260518_203904.jpg,IMG_20260518_203937.jpg,598,1256,598,3,0,0.0,,,,,,
IMG_20260518_203904.jpg,IMG_20260518_203940.jpg,598,858,598,10,0,0.0,,,,,,
IMG_20260518_203904.jpg,IMG_20260518_203942.jpg,598,681,598,3,0,0.0,,,,,,
IMG_20260518_203904.jpg,IMG_20260518_203946.jpg,598,1193,598,3,0,0.0,,,,,,
IMG_20260518_203904.jpg,IMG_20260518_203948.jpg,598,1215,598,7,0,0.0,,,,,,
IMG_20260518_203906.jpg,IMG_20260518_203908.jpg,521,840,521,77,34,0.44155844155844154,17.412980477861616,1.4128195041937623,0.30008636098572117,0.177668417531253,0.9516443687646898,"[[9.082316846126141e-07, 4.717499671143093e-06, -0.018724125045537703], [-4.082165852647737e-06, -2.172325242227344e-07, 0.007809134980277324], [0.017137017695828326, -0.008374035986312143, 1.0]]"
IMG_20260518_203906.jpg,IMG_20260518_203909.jpg,521,705,521,32,16,0.5,24.99700620809835,0.987683908866888,0.23449258111340832,0.010831752443208047,0.8360643719064766,"[[9.32206275266127e-07, 4.513375805279181e-06, -0.01223938552336825], [-4.0487603224507155e-06, -2.195910775824527e-07, 0.005256937236700305], [0.010526739194599264, -0.0053643736461056035, 1.0]]"
IMG_20260518_203906.jpg,IMG_20260518_203913.jpg,521,565,521,17,9,0.5294117647058824,68.79002476150205,0.3038165703936658,0.050712957238738726,3.6597234281965506e-13,0.3038165703936658,"[[4.3637342630628116e-05, 4.365818374619793e-05, -0.04536497752066172], [-9.500089115429716e-05, 1.8532170743509956e-05, 0.002841036560769378], [0.05632330330975611, -0.014165708136120506, 1.0]]"
IMG_20260518_203906.jpg,IMG_20260518_203922.jpg,521,845,521,9,7,0.7777777777777778,82.10569167662028,1.960817848456357e-13,1.7037457879627984e-13,1.8747341501221114e-13,3.7605877072890154e-13,"[[-9.815306095125399e-07, -1.9848056451480957e-06, 0.0022927173190788767], [3.5155897133131647e-06, 7.280393774253869e-08, -0.0009419772879412319], [-0.002562150265782084, -0.0003564724085403708, 0.9999999999999999]]"
IMG_20260518_203906.jpg,IMG_20260518_203924.jpg,521,679,521,13,7,0.5384615384615384,53.82964719657255,1.3861140541918046e-13,4.999501180205953e-14,0.0,1.3861140541918046e-13,"[[-2.4546872750199035e-09, 3.736365150982537e-07, -1.3123256414120755e-05], [2.3137562330215622e-07, 1.3934921576413019e-06, -0.0030728346823909462], [-8.183842940562831e-05, 0.0002451063995207401, 1.0]]"
IMG_20260518_203906.jpg,IMG_20260518_203926.jpg,521,487,521,12,7,0.5833333333333334,102.61003076062364,3.705037067553037e-13,1.5190967515829805e-13,1.4838045554532914e-13,5.367945612760675e-13,"[[4.862550591302877e-06, -4.45735350987306e-07, -0.005379488509997368], [7.171010484792796e-07, -1.121111112486876e-06, -0.0009102942475953054], [-0.0006241449220631241, 0.002850018965651778, 1.0]]"
IMG_20260518_203906.jpg,IMG_20260518_203929.jpg,521,965,521,7,0,0.0,,,,,,
IMG_20260518_203906.jpg,IMG_20260518_203931.jpg,521,1554,521,8,0,0.0,,,,,,
IMG_20260518_203906.jpg,IMG_20260518_203933.jpg,521,2541,521,3,0,0.0,,,,,,
IMG_20260518_203906.jpg,IMG_20260518_203935.jpg,521,2691,521,6,0,0.0,,,,,,
IMG_20260518_203906.jpg,IMG_20260518_203937.jpg,521,1256,521,7,0,0.0,,,,,,
IMG_20260518_203906.jpg,IMG_20260518_203940.jpg,521,858,521,7,0,0.0,,,,,,
IMG_20260518_203906.jpg,IMG_20260518_203942.jpg,521,681,521,5,0,0.0,,,,,,
IMG_20260518_203906.jpg,IMG_20260518_203946.jpg,521,1193,521,10,7,0.7,36.05818806560647,1.345959791966287e-13,1.3316469749848925e-13,1.0330841766439469e-13,4.951447976401815e-13,"[[-6.416493909453813e-07, 2.5308393094361085e-07, -0.00020994539467782694], [5.920388342205114e-07, 6.659763444483243e-07, -0.0005785656198889263], [-0.0001332745334339631, -0.0011629484387096678, 1.0]]"
IMG_20260518_203906.jpg,IMG_20260518_203948.jpg,521,1215,521,5,0,0.0,,,,,,
IMG_20260518_203908.jpg,IMG_20260518_203909.jpg,840,705,840,87,45,0.5172413793103449,15.611042018103907,0.9390663001502132,0.3475341685456531,0.2835482883501533,0.9443144581241433,"[[1.5502390944159115e-06, 4.858337391881099e-06, -0.02901068729595449], [-4.956251880119525e-06, -3.0047888808370193e-07, 0.013018532792227524], [0.027642941444208195, -0.012386645702342191, 1.0]]"
IMG_20260518_203908.jpg,IMG_20260518_203913.jpg,840,565,840,56,20,0.35714285714285715,60.49504806621657,9.824004894274179,0.23037590586404927,0.17171888712140682,0.9120012054828999,"[[-1.7626572953675444e-06, 9.336518521342086e-06, 0.012139207523749463], [-1.0701034919539418e-05, 1.462587404778779e-06, -0.010315536140875754], [-0.007922117683692076, 0.0067594727275880895, 1.0]]"
IMG_20260518_203908.jpg,IMG_20260518_203922.jpg,840,845,840,12,7,0.5833333333333334,9.084903511932444,1.2163484491124927e-13,6.860583175922332e-14,7.843695280370666e-14,1.627366151682664e-13,"[[2.7865041703269145e-06, -7.5121924252048225e-06, -0.004225736109411316], [-1.8137855173554463e-07, -2.2799991056101032e-06, 0.022161346348420378], [0.005360235321879572, -0.015605711905308474, 0.9999999999999999]]"
IMG_20260518_203908.jpg,IMG_20260518_203924.jpg,840,679,840,25,11,0.44,90.45509071464411,3.7360383961692722,0.2215855333954595,1.806081312825076e-13,0.9455649775737877,"[[-1.950128007711574e-07, 4.69074038880268e-07, 0.0003733996886499717], [3.3933534145566097e-06, 2.905371601691186e-07, -0.011375951035721822], [-0.0018054613577680695, 0.008599845739523014, 1.0]]"
IMG_20260518_203908.jpg,IMG_20260518_203926.jpg,840,487,840,32,11,0.34375,72.22762146249488,27.577359544524917,0.08150671984326147,2.7900601476227684e-13,0.5541115775828677,"[[2.4662031383238397e-06, 2.5084935159960803e-06, -0.004531406020931198], [-2.843904851412256e-07, -1.3691841628754089e-06, 0.0019083023245621495], [-0.0015877900437827797, -0.00012079217241848976, 1.0]]"
IMG_20260518_203908.jpg,IMG_20260518_203929.jpg,840,965,840,11,7,0.6363636363636364,38.10156019488333,1.4996908187214361e-13,9.757928874441969e-14,1.1681958875765407e-13,1.9042483229535308e-13,"[[-8.922614914551075e-06, 1.7769733997452797e-07, 0.0009876550658876617], [7.202918948108064e-06, -7.817523295395025e-07, -0.0022347954164390715], [8.54472527420986e-05, 0.00044653663045789946, 1.0]]"
IMG_20260518_203908.jpg,IMG_20260518_203931.jpg,840,1554,840,10,7,0.7,67.90127284658114,2.3909014542242473e-13,1.6701250462690808e-13,1.6960586309161958e-13,3.025290682865069e-13,"[[4.203593997576113e-06, 8.616952975036301e-06, -0.008673154221005713], [-7.501735870080779e-06, -4.190458704615818e-07, 0.002291918651427072], [0.0037771536989226985, -0.0022325524964855463, 1.0]]"
IMG_20260518_203908.jpg,IMG_20260518_203933.jpg,840,2541,840,8,7,0.875,16.356338061611165,1.955864332967869e-13,6.134600945691948e-13,1.4713809155747123e-13,3.2105743722156295e-12,"[[2.7599375466093763e-06, -4.3245151305795804e-07, -0.0011772793768655857], [8.138507433078581e-07, -2.6924376003686364e-07, -0.00023195803532724115], [-0.0022895194463668296, 0.0003299762824235566, 0.9999999999999999]]"
IMG_20260518_203908.jpg,IMG_20260518_203935.jpg,840,2691,840,6,0,0.0,,,,,,
IMG_20260518_203908.jpg,IMG_20260518_203937.jpg,840,1256,840,11,7,0.6363636363636364,36.0060992903285,9.228484574945969e-14,5.223108941172873e-14,4.161956708494778e-14,9.756075179477618e-14,"[[-1.361350157421346e-05, -8.16781283725886e-06, 0.02013941607314465], [-1.3581664133969641e-06, 6.960576882016034e-06, -0.009485849232123193], [0.0015641304248964927, -0.0013031468177929588, 1.0]]"
IMG_20260518_203908.jpg,IMG_20260518_203940.jpg,840,858,840,11,7,0.6363636363636364,21.272260463402883,1.3825792147246864e-13,7.937967299383986e-14,1.258581979056385e-13,1.6141610346966596e-13,"[[-1.9197245942617858e-06, -7.046995961410812e-07, 0.00027568710455948227], [2.5100260026234325e-06, 3.768040938161401e-08, -0.0019862217905491923], [-4.503732350869309e-05, 0.0005235177705232462, 1.0]]"
IMG_20260518_203908.jpg,IMG_20260518_203942.jpg,840,681,840,8,7,0.875,7.398646818350706,2.187133936024413e-13,3.202455103272242e-13,0.0,1.2754321676749023e-12,"[[9.886649168311183e-06, 6.219340396272785e-06, -0.012044400450614948], [9.828650216363505e-06, -1.3355091053113117e-05, 0.00547443682771422], [-0.014184027217884405, 0.009306823203070495, 1.0]]"
IMG_20260518_203908.jpg,IMG_20260518_203946.jpg,840,1193,840,4,0,0.0,,,,,,
IMG_20260518_203908.jpg,IMG_20260518_203948.jpg,840,1215,840,7,0,0.0,,,,,,
IMG_20260518_203909.jpg,IMG_20260518_203913.jpg,705,565,705,98,58,0.5918367346938775,18.235661047952565,0.5316711885611912,0.274479069575365,0.1890712215207625,0.9640407610405474,"[[-3.971455677621569e-07, 2.478459058268468e-06, 0.0025550074368459216], [-2.5385711375227755e-06, 5.872669217536242e-07, -0.004695951981810598], [-0.0015595043115827106, 0.003179140840480073, 1.0]]"
IMG_20260518_203909.jpg,IMG_20260518_203922.jpg,705,845,705,19,11,0.5789473684210527,34.439534213307994,0.40711910801124435,0.13051161949751888,1.0312348694401692e-13,0.6253799178990073,"[[8.075619994054305e-07, -1.6800772414554817e-06, -0.00048809909590426617], [4.135342936153446e-06, -6.595551313589955e-08, -0.004997560770166912], [-0.001762271179367437, 0.0038888855527353266, 1.0]]"
IMG_20260518_203909.jpg,IMG_20260518_203924.jpg,705,679,705,22,13,0.5909090909090909,33.52263370745244,0.47542829677750753,0.15769310467076683,2.6647974005022584e-13,0.662251222404227,"[[2.72611337456232e-07, -1.2791612835801882e-06, -0.00013191921025492256], [3.039681996013544e-06, -2.307311408776015e-07, -0.005124493970761194], [-0.0012561290368738784, 0.004387956483670963, 1.0]]"
IMG_20260518_203909.jpg,IMG_20260518_203926.jpg,705,487,705,28,10,0.35714285714285715,88.74765669298493,41.72746556604667,0.010164858087562638,4.5029785894666805e-13,0.06171686377786533,"[[2.08823193130033e-05, -0.00013186718141417828, 0.10117063502306745], [-1.05855561696171e-05, 8.906733690628906e-05, -0.06705222054173697], [-0.003418037287802981, -0.003163877652384412, 1.0]]"
IMG_20260518_203909.jpg,IMG_20260518_203929.jpg,705,965,705,10,7,0.7,7.623487724703942,1.6591848169151015e-13,7.251788807118236e-14,0.0,1.7578825311525622e-13,"[[1.0401115708127483e-06, 1.2502306452895046e-06, -0.0005487030046697163], [3.530300466290455e-07, 2.231747821314401e-07, 0.002202260920582098], [-0.0028195581316327527, -0.0033480990299933435, 1.0]]"
IMG_20260518_203909.jpg,IMG_20260518_203931.jpg,705,1554,705,12,7,0.5833333333333334,41.80371026104078,2.8647002195720774e-13,1.4004589912311232e-13,1.0917626704673741e-13,3.0145309016313944e-13,"[[-8.59856716233169e-06, 0.00012016300414352272, -0.0751172738003954], [-8.751762632500055e-05, -1.7573886094873612e-05, 0.06139718462049545], [0.06196765822960607, -0.0543565269776655, 1.0]]"
IMG_20260518_203909.jpg,IMG_20260518_203933.jpg,705,2541,705,7,0,0.0,,,,,,
IMG_20260518_203909.jpg,IMG_20260518_203935.jpg,705,2691,705,7,0,0.0,,,,,,
IMG_20260518_203909.jpg,IMG_20260518_203937.jpg,705,1256,705,8,0,0.0,,,,,,
IMG_20260518_203909.jpg,IMG_20260518_203940.jpg,705,858,705,10,7,0.7,13.505855583276315,3.639993187912348e-13,4.5066040707563773e-13,1.2372753054385578e-13,2.2219420966119637e-12,"[[-1.172645515503281e-06, 2.3872586711610054e-06, -0.000901736897550252], [7.437688007797331e-07, 4.54763232272724e-07, -0.0006612865167174456], [0.00034237416274730174, -0.0018732217364602014, 1.0]]"
IMG_20260518_203909.jpg,IMG_20260518_203942.jpg,705,681,705,10,7,0.7,42.7560185332449,3.8148856694366e-13,2.3680989235396224e-13,1.6654179954202517e-13,5.398104184310585e-13,"[[4.781311061727375e-07, 2.8496795295259117e-07, -0.0005471776181932731], [4.626044511276911e-07, 6.232389423379269e-07, -0.00045147444617235866], [-0.0009486866237919191, -0.0009475105449844902, 1.0]]"
IMG_20260518_203909.jpg,IMG_20260518_203946.jpg,705,1193,705,5,0,0.0,,,,,,
IMG_20260518_203909.jpg,IMG_20260518_203948.jpg,705,1215,705,8,0,0.0,,,,,,
IMG_20260518_203913.jpg,IMG_20260518_203922.jpg,565,845,565,18,12,0.6666666666666666,35.36802337493561,0.22735744306926306,0.15002857869231012,2.4503859388212265e-13,0.771393500611726,"[[2.3704164486014628e-07, 2.0726947608626206e-06, -0.0016368943536597042], [-2.5468038543314395e-06, 4.2157782613810146e-07, 0.0030216061750793738], [0.001152348801764974, -0.0038784938824757047, 1.0]]"
IMG_20260518_203913.jpg,IMG_20260518_203924.jpg,565,679,565,28,16,0.5714285714285714,73.45396605771329,0.6873755420373879,0.1956568951509874,0.06865143015991304,0.9332611402775485,"[[-1.2437836598079728e-06, 5.184684401048347e-06, 0.0022344394724582183], [-7.130119492301908e-06, 2.1315636098200267e-06, 0.01130356432412043], [-0.0011203648658592647, -0.013887994929927134, 1.0]]"
IMG_20260518_203913.jpg,IMG_20260518_203926.jpg,565,487,565,19,10,0.5263157894736842,23.734710194282993,0.7566316433287631,0.10445620960083554,5.99607190358805e-13,0.7566316433287631,"[[8.432904112466544e-07, 1.973195625496335e-06, -0.0023927225140769866], [-1.3730755043791825e-06, 2.288768454780055e-07, 0.00026351265317742825], [0.0009351640164872568, -0.0012734313893743123, 1.0]]"
IMG_20260518_203913.jpg,IMG_20260518_203929.jpg,565,965,565,9,7,0.7777777777777778,14.007766066405573,1.7766409681251685e-13,1.9428587207371993e-13,1.7737173447117741e-13,5.576068286205374e-13,"[[-1.6928569127538198e-06, -1.342686999568833e-07, 0.001491046175963316], [2.6155308804038153e-06, -1.2407757482468115e-07, -0.001965356628724217], [-0.0018988608253737303, 0.0005082883723739935, 1.0]]"
IMG_20260518_203913.jpg,IMG_20260518_203931.jpg,565,1554,565,9,7,0.7777777777777778,22.80379858099414,8.696878399098247e-14,8.567602839208152e-14,8.256120808580517e-14,3.319154244758388e-13,"[[1.693961448957152e-07, 1.6827305380968155e-06, -0.0012297972560458398], [-2.8183087533654694e-06, 1.1193739520525361e-06, 0.003209580723030552], [0.0013079557801437668, -0.004721244389952493, 1.0]]"
IMG_20260518_203913.jpg,IMG_20260518_203933.jpg,565,2541,565,9,7,0.7777777777777778,0.05968798951244784,2.0096646333848556e-13,1.1928738906335691e-13,6.595593146490295e-14,2.668053521190872e-13,"[[2.592339221991832e-07, 2.043063523924363e-06, -0.002265397239768932], [-2.2217962983545565e-06, 4.3235853276987074e-07, 0.002762313559499367], [0.0017563963082419197, -0.0037719297823866236, 1.0]]"
IMG_20260518_203913.jpg,IMG_20260518_203935.jpg,565,2691,565,7,0,0.0,,,,,,
IMG_20260518_203913.jpg,IMG_20260518_203937.jpg,565,1256,565,7,0,0.0,,,,,,
IMG_20260518_203913.jpg,IMG_20260518_203940.jpg,565,858,565,8,7,0.875,0.07653783538524858,1.254422076980106e-13,1.8414677461098086e-13,1.061549885133334e-13,7.766457398166926e-13,"[[-5.402261742382266e-06, -5.901627948617088e-08, 0.0035545897658861504], [9.158355588762067e-06, -1.8482635284103773e-06, -0.003306635913615869], [-0.005640522058260045, 0.001880937349664259, 1.0]]"
IMG_20260518_203913.jpg,IMG_20260518_203942.jpg,565,681,565,8,7,0.875,63.10835150269579,2.9892394223016463e-13,3.7953644022495405e-13,2.4129679237194846e-13,9.250063615972168e-13,"[[1.703621021271358e-05, 1.7385682752329662e-05, -0.028689721870990205], [-2.3684506884139546e-05, 2.1604325243194e-06, 0.009870364252269975], [0.019516366089078176, -0.009792369735498805, 1.0]]"
IMG_20260518_203913.jpg,IMG_20260518_203946.jpg,565,1193,565,0,0,0.0,,,,,,
IMG_20260518_203913.jpg,IMG_20260518_203948.jpg,565,1215,565,3,0,0.0,,,,,,
IMG_20260518_203922.jpg,IMG_20260518_203924.jpg,845,679,845,123,90,0.7317073170731707,2.663660027295778,0.5491112406915436,0.40406756154732815,0.39970600297059766,0.8822499192184117,"[[-1.866222118510182e-06, -4.192318603867884e-05, 0.07737078808236116], [4.436908536843246e-05, 5.028283606706438e-07, -0.02167540151231709], [-0.07647946247079236, 0.019060877771103556, 1.0]]"
IMG_20260518_203922.jpg,IMG_20260518_203926.jpg,845,487,845,50,23,0.46,31.794509386385403,1.0530047074151256,0.2688462470214513,0.2610426656564001,0.7592906192292732,"[[9.139887735881078e-07, 1.596814691690538e-05, -0.040258137706004476], [-1.8109657722191657e-05, -4.3564387466183483e-07, 0.0018792135231119555], [0.039569419307882596, -0.0010753987454114968, 1.0]]"
IMG_20260518_203922.jpg,IMG_20260518_203929.jpg,845,965,845,19,9,0.47368421052631576,31.733041688494506,4.8691251303603345,0.09841511697349879,1.6545435855457073e-13,0.7007230213170055,"[[3.572778198280171e-06, -7.914204307241724e-06, 0.0016811341731737415], [-1.0038513447744453e-06, 6.472228393146234e-06, -0.0016834579232110885], [0.0005904595202503312, -0.0038413049159320293, 1.0]]"
IMG_20260518_203922.jpg,IMG_20260518_203931.jpg,845,1554,845,42,29,0.6904761904761905,25.697680305939652,0.6809509548884704,0.3755586416319159,0.35632440594944687,0.9476332276181367,"[[-1.1617772682857537e-06, -5.149123560076903e-08, 0.0059079594006797185], [-2.3475505825620706e-06, 1.442226778649581e-06, 0.014173182320863698], [-0.0044980760257112545, -0.015331139558827074, 1.0]]"
IMG_20260518_203922.jpg,IMG_20260518_203933.jpg,845,2541,845,34,21,0.6176470588235294,58.25528971631116,0.6315612654650852,0.3134592710628135,0.33680408422371205,0.897408622328568,"[[-9.23029653275214e-07, -6.320421695177386e-05, 0.03953558106939469], [9.216772085449547e-05, -5.279214944952024e-06, -0.15342258526849684], [-0.0507667946569608, 0.14192108588307353, 1.0]]"
IMG_20260518_203922.jpg,IMG_20260518_203935.jpg,845,2691,845,27,14,0.5185185185185185,47.30281795038146,0.5457976223232638,0.12706751444068615,0.017850299193260002,0.5457976223232638,"[[-4.6813265682988485e-08, -3.071085564087622e-07, 0.0006381139610530557], [5.067755230048044e-07, 2.0082741017390584e-10, 0.0009641054552260102], [-0.0012989532474716777, -0.001466412584357112, 1.0]]"
IMG_20260518_203922.jpg,IMG_20260518_203937.jpg,845,1256,845,24,16,0.6666666666666666,7.880343790406006,0.5232922954325538,0.2861752886880319,0.23477977206166947,0.9360582273901819,"[[-3.065847663341065e-07, -3.0550129506081804e-06, 0.0020731389808088373], [4.7034546547331265e-06, -2.611852698750034e-07, -0.006396624970300217], [-0.002597662878879434, 0.004842264893676739, 1.0]]"
IMG_20260518_203922.jpg,IMG_20260518_203940.jpg,845,858,845,26,15,0.5769230769230769,82.01391447929852,0.8648727864465343,0.37006443892049146,0.20052932029207043,0.9356961526097082,"[[-5.449198842617688e-07, -2.0393069292471627e-06, 0.0029460623818062374], [2.4611448953304283e-06, 2.5330162182658047e-07, -0.00032279066736810256], [-0.003199020731392598, -0.0007296934117950837, 0.9999999999999999]]"
IMG_20260518_203922.jpg,IMG_20260518_203942.jpg,845,681,845,13,7,0.5384615384615384,38.81468259476904,3.7513885960777814e-13,9.65879182724288e-14,0.0,3.7513885960777814e-13,"[[9.227783021606125e-06, -1.6899240737219976e-05, 0.018699153556945524], [1.1657767982759472e-05, -4.9113451081432905e-06, 0.000654273562636623], [-0.027838977021373935, 0.009894563010396396, 1.0]]"
IMG_20260518_203922.jpg,IMG_20260518_203946.jpg,845,1193,845,6,0,0.0,,,,,,
IMG_20260518_203922.jpg,IMG_20260518_203948.jpg,845,1215,845,2,0,0.0,,,,,,
IMG_20260518_203924.jpg,IMG_20260518_203926.jpg,679,487,679,76,40,0.5263157894736842,18.78403693019043,0.8620650554743194,0.3710287942585404,0.3460903699252707,0.889325272691742,"[[2.3215325161253022e-07, 3.1094728660280665e-06, -0.011749231858400683], [-3.2371217996943467e-06, -2.6857760591214784e-08, -0.0029779595163286427], [0.011104225985714844, 0.0024859464250266907, 1.0]]"
IMG_20260518_203924.jpg,IMG_20260518_203929.jpg,679,965,679,23,12,0.5217391304347826,49.78628485112687,0.9783400879651843,0.2890614471977762,1.5769808539667094e-12,0.9783400879651843,"[[-1.6882798584839307e-06, -4.020305597226938e-06, 0.003576766232859141], [9.49583843494474e-06, -2.876329523302402e-06, -0.0019646012501044643], [-0.007476798143260276, 0.0030326273116914135, 1.0]]"
IMG_20260518_203924.jpg,IMG_20260518_203931.jpg,679,1554,679,41,23,0.5609756097560976,23.890204323161488,0.6389729024645798,0.2715510269367066,0.22605806402110384,0.9596627634296241,"[[5.946253175709945e-08, 1.4318724742448487e-06, -0.0007086444383980065], [-2.5519926050177725e-06, 5.525944544847667e-07, 0.007247776317147706], [0.0006877827929549495, -0.008053850918276548, 1.0]]"
IMG_20260518_203924.jpg,IMG_20260518_203933.jpg,679,2541,679,41,25,0.6097560975609756,8.95331751354855,0.8142591133795555,0.3683390081410833,0.4153648423593072,0.945337073445298,"[[1.420248262196927e-08, -3.9124592973622485e-07, 5.171944460341124e-05], [-2.6602069710751647e-07, 8.653060083352439e-08, 0.0034642192133699725], [0.0001155016119345283, -0.004128307487051365, 0.9999999999999999]]"
IMG_20260518_203924.jpg,IMG_20260518_203935.jpg,679,2691,679,26,14,0.5384615384615384,14.476526676739821,0.7672858848547262,0.16185250932012166,2.0890504167613396e-13,0.7730307153148821,"[[-5.989545862941977e-08, 2.0837965173047345e-08, -0.00012331027676600677], [4.969119976438133e-07, 1.0575115083548808e-07, 0.0007485735333413757], [-0.00042286559949576707, -0.001751960376332705, 1.0]]"
IMG_20260518_203924.jpg,IMG_20260518_203937.jpg,679,1256,679,21,12,0.5714285714285714,64.77355701128903,0.6109206731999345,0.16915571639415394,7.525610267679118e-14,0.7819176020330894,"[[1.8737074531208364e-07, 7.584265749494682e-07, -0.0007400028909707852], [-1.0266111360947474e-06, 2.667496422182886e-07, 0.0033789051212481692], [-0.00012128104841218608, -0.0039012531505566426, 1.0]]"
IMG_20260518_203924.jpg,IMG_20260518_203940.jpg,679,858,679,35,20,0.5714285714285714,14.380429156959698,0.7306270522958863,0.2866423999723776,0.0707742461805877,0.9795861326102874,"[[7.968082258991287e-07, 6.27973327629374e-06, -0.003911118228172656], [-1.0324290431221326e-05, 2.069554265297516e-06, 0.020210880822749213], [0.0030471117888998464, -0.019685964676125167, 0.9999999999999999]]"
IMG_20260518_203924.jpg,IMG_20260518_203942.jpg,679,681,679,12,7,0.5833333333333334,92.62101234839567,2.337874206535208e-13,1.6190443205929738e-13,2.2068057719428283e-13,2.3991081914923355e-13,"[[-1.2498344474341774e-06, -2.3417224132005027e-06, 0.0077788040924902215], [1.4613510869617474e-06, 3.188306941939027e-06, 0.011126200401456095], [-0.007660778403482734, -0.01539287412877521, 1.0]]"
IMG_20260518_203924.jpg,IMG_20260518_203946.jpg,679,1193,679,9,7,0.7777777777777778,24.8565835476719,4.672617356855966e-13,5.75336179308243e-13,3.2378538618107737e-13,1.3808699376427338e-12,"[[-3.113720832532571e-06, 2.2364256679186897e-06, 0.00034802861029209134], [9.800305720678078e-07, 3.2733143839556696e-07, -0.0010957467365756307], [0.0008594945012689538, -0.0017634458578322679, 0.9999999999999999]]"
IMG_20260518_203924.jpg,IMG_20260518_203948.jpg,679,1215,679,8,0,0.0,,,,,,
IMG_20260518_203926.jpg,IMG_20260518_203929.jpg,487,965,487,50,28,0.56,22.15969200908065,0.927987388512886,0.3504440989679828,0.19584750290126635,0.9788021122181031,"[[5.626184106999069e-08, 3.1363834342869875e-06, -0.001241136704464635], [-3.242646040810579e-06, 4.6354946907485243e-07, 0.0034135524991714974], [0.0005771838438516256, -0.004359483518852944, 1.0]]"
IMG_20260518_203926.jpg,IMG_20260518_203931.jpg,487,1554,487,45,18,0.4,78.41689917006319,2.2914772660845966,0.3279295968666494,0.20467532338391195,0.9610428582780387,"[[1.3146711940324417e-07, 7.157592060713577e-07, -0.0008987712868245969], [-9.027338464223095e-07, 1.3247511672668272e-07, 0.0022481207557290307], [0.0004811837824781672, -0.0028986723799641133, 1.0]]"
IMG_20260518_203926.jpg,IMG_20260518_203933.jpg,487,2541,487,33,17,0.5151515151515151,45.04141534752455,0.9714487204063663,0.2810061816013006,0.15942027330764294,0.9714487204063663,"[[7.821199761703158e-07, 4.141924794477423e-06, -0.005737978865401411], [-4.323485601740933e-06, -1.6783027151088352e-07, 0.0049355892199090074], [0.004350183768116873, -0.0048939227883029795, 1.0]]"
IMG_20260518_203926.jpg,IMG_20260518_203935.jpg,487,2691,487,22,12,0.5454545454545454,48.732197296692554,0.7874492229814118,0.24567659964030208,2.0602933201652e-13,0.8063170803979959,"[[4.751192724144539e-07, 2.0589533070621763e-06, -0.0027117612269244545], [-2.1458273592525697e-06, 9.062922676999652e-09, 0.0027021320634926316], [0.0015670345729757072, -0.0029060367865656246, 1.0]]"
IMG_20260518_203926.jpg,IMG_20260518_203937.jpg,487,1256,487,32,14,0.4375,40.642317943376085,2.6458758602904013,0.2033892026629406,0.006740678199956533,0.8519824828539079,"[[-2.066468252175403e-06, -1.7876186137601065e-06, 0.003985923935063895], [2.697391206895721e-06, 4.862497033039806e-07, -0.0021090997823781116], [-0.0025076760233610756, 0.00012157517323710473, 1.0]]"
IMG_20260518_203926.jpg,IMG_20260518_203940.jpg,487,858,487,42,22,0.5238095238095238,50.63523315009909,0.8699038093883944,0.23989733600440208,0.2265632135180527,0.9080278568613095,"[[1.465697590144627e-07, 6.630541434970425e-07, -0.0007474295742936169], [-1.1600963598153303e-06, 5.404278062911683e-07, 0.0021272455250027672], [0.00046406470758805557, -0.0030441556307582327, 1.0]]"
IMG_20260518_203926.jpg,IMG_20260518_203942.jpg,487,681,487,39,24,0.6153846153846154,20.02061893143517,0.6977619886808679,0.3577617902525852,0.352779868189638,0.9899353997273156,"[[-6.337294373416855e-08, 4.014956842796428e-07, 0.0005782518108418618], [-3.985880835049243e-07, 5.75189909315706e-07, 0.0018597523167560239], [-0.0011195078205400847, -0.0030186870062978684, 0.9999999999999999]]"
IMG_20260518_203926.jpg,IMG_20260518_203946.jpg,487,1193,487,4,0,0.0,,,,,,
IMG_20260518_203926.jpg,IMG_20260518_203948.jpg,487,1215,487,4,0,0.0,,,,,,
IMG_20260518_203929.jpg,IMG_20260518_203931.jpg,965,1554,965,42,29,0.6904761904761905,9.076270981114355,0.4914221908156782,0.25140350294295516,0.1999895275333627,0.9166073732680824,"[[-1.0914676952420167e-05, 6.020302485419955e-05, 0.11499024695373411], [-5.757063081278795e-05, 3.2830954055223724e-07, -0.012445112745314357], [-0.10762930481217142, 0.013050095427927542, 1.0]]"
IMG_20260518_203929.jpg,IMG_20260518_203933.jpg,965,2541,965,20,15,0.75,14.94864197226384,0.10763912338313694,0.15495276033598504,0.025366414339441878,0.9429268562416917,"[[9.78434353732892e-07, 4.806654042927072e-06, -0.00605873424940693], [-4.226962362753045e-06, -1.8300130444532898e-07, 0.003076145494401804], [0.0032472466523312763, -0.002856243207122685, 1.0]]"
IMG_20260518_203929.jpg,IMG_20260518_203935.jpg,965,2691,965,12,7,0.5833333333333334,24.06340606681006,1.9120299342678525e-13,9.747818989871974e-14,7.679134132257706e-14,2.6193903653425885e-13,"[[4.093871347658597e-06, 1.835355765691639e-06, -0.0006332641045927011], [-3.907103442793613e-07, -1.4791172449836115e-06, 4.674713259316759e-05], [-0.006120691515038929, 0.002324595623747125, 0.9999999999999999]]"
IMG_20260518_203929.jpg,IMG_20260518_203937.jpg,965,1256,965,40,30,0.75,6.931650004641844,0.5306769027556419,0.3564814064884967,0.3620831860878106,0.951031099886806,"[[3.6503589000909855e-06, -3.3777844035983233e-06, -0.012588359554459425], [2.115057470150372e-06, -1.4040953767552478e-06, 0.00914892625184406], [0.008678137870123026, -0.006989956225894295, 0.9999999999999999]]"
IMG_20260518_203929.jpg,IMG_20260518_203940.jpg,965,858,965,52,29,0.5576923076923077,14.97428211013722,0.7922834632008241,0.29767885715385767,0.18167288562877681,0.8910394199175903,"[[5.5783021773582056e-08, -4.397078703664669e-06, -0.0035508798141808177], [3.501192459588647e-06, -1.9365895944366756e-07, 0.007187381752756357], [0.0030760538969932254, -0.006541218823096196, 1.0]]"
IMG_20260518_203929.jpg,IMG_20260518_203942.jpg,965,681,965,152,122,0.8026315789473685,3.493217664363324,0.28041382682493743,0.25332541765550937,0.20219339940994951,0.8891753303587776,"[[1.0241879375700528e-06, 7.574793960751132e-06, -0.01046804341408517], [-6.682202155815691e-06, -1.7065944778926787e-07, -0.008452935790205474], [0.009337237276522714, 0.007176149929469225, 1.0]]"
IMG_20260518_203929.jpg,IMG_20260518_203946.jpg,965,1193,965,27,13,0.48148148148148145,27.76381542238826,3.5694450451690725,0.22942279408289365,9.603106391930411e-13,0.7387170083446803,"[[4.088642776617282e-07, 6.949579279482175e-06, -0.0056611780427060325], [-6.654671463709141e-06, 1.3834022963329653e-06, 0.004015273940637106], [0.004976978800279814, -0.006235387712108035, 1.0]]"
IMG_20260518_203929.jpg,IMG_20260518_203948.jpg,965,1215,965,13,7,0.5384615384615384,57.16171221737896,2.1919470669198941e-13,7.272191820126496e-14,0.0,2.1919470669198941e-13,"[[-5.090012716297752e-07, 3.2071774849792925e-06, 0.00033795749984343], [-1.3228546898652318e-06, 5.09325646443114e-07, 0.0010053976443850266], [-0.0012393882747925437, -0.0030971750240705214, 1.0]]"
IMG_20260518_203931.jpg,IMG_20260518_203933.jpg,1554,2541,1554,218,171,0.7844036697247706,4.2289584837553935,0.28185763244394085,0.269320957933169,0.2094658723834704,0.945443157489038,"[[2.5500999722651817e-06, 1.4230087479031881e-05, -0.04602231743736078], [-1.2911591416670246e-05, -2.1385352571041485e-07, 0.008674361367317541], [0.04288413391509686, -0.008835165798428307, 1.0]]"
IMG_20260518_203931.jpg,IMG_20260518_203935.jpg,1554,2691,1554,99,63,0.6363636363636364,11.66060185295411,0.5110668741110601,0.3415610777924322,0.3581802661690113,0.9147872110964649,"[[8.125883344453139e-07, 2.2638703937403234e-06, -0.0067460475215510955], [-2.9166823979116255e-06, -1.0205510695574054e-07, 0.007321430160777448], [0.006052966093990061, -0.007480223298752577, 1.0]]"
IMG_20260518_203931.jpg,IMG_20260518_203937.jpg,1554,1256,1554,164,116,0.7073170731707317,9.293699429299966,0.42232337177427537,0.3189225731532399,0.21419910674741738,0.9806068822045433,"[[-6.439501832432302e-07, -5.2275641590774246e-06, 0.007079645509637016], [3.127753532485908e-06, 3.638840243632957e-07, 0.023825945706607777], [-0.00673818095299356, -0.023281331892337144, 1.0]]"
IMG_20260518_203931.jpg,IMG_20260518_203940.jpg,1554,858,1554,155,112,0.7225806451612903,9.632018224626306,0.4799082865882111,0.3686642819155492,0.33419457993674934,0.9753519292268698,"[[1.5963813664494486e-06, 6.770877938110001e-06, -0.021221835287859727], [-7.146652342736986e-06, -5.965488410507798e-07, -0.009649610591906641], [0.019960712666112695, 0.009034698388150861, 1.0]]"
IMG_20260518_203931.jpg,IMG_20260518_203942.jpg,1554,681,1554,67,25,0.373134328358209,30.627849223217748,3.0024043539420773,0.18813183791294769,0.07774198454096908,0.9538009776706727,"[[-5.719115041143878e-07, -2.5724982556398564e-06, 0.0061364795520017215], [4.253519682881807e-06, -1.1527634073254179e-07, -0.0027436539661365696], [-0.007285663774509854, 0.0018574641110129045, 1.0]]"
IMG_20260518_203931.jpg,IMG_20260518_203946.jpg,1554,1193,1554,7,0,0.0,,,,,,
IMG_20260518_203931.jpg,IMG_20260518_203948.jpg,1554,1215,1554,5,0,0.0,,,,,,
IMG_20260518_203933.jpg,IMG_20260518_203935.jpg,2541,2691,2541,169,115,0.6804733727810651,22.695510281725298,0.5627450611726413,0.3844338946275005,0.3371301167815475,0.9669784226233544,"[[4.704967850762428e-07, 2.7668840362158852e-06, -0.0049049744852194595], [-4.588043080516529e-06, 3.2662472989920493e-07, 0.01775783728801089], [0.004669047266045404, -0.017650210327306775, 0.9999999999999999]]"
IMG_20260518_203933.jpg,IMG_20260518_203937.jpg,2541,1256,2541,159,116,0.7295597484276729,21.325130610343283,0.304481167585191,0.25410672857344213,0.1835565089534908,0.8899707345264986,"[[1.8233561304244618e-06, 6.128177770745161e-06, -0.021627649738137095], [-6.256107615142807e-06, -7.496246901982691e-07, -0.011031496342911357], [0.02026682579646555, 0.010691753212043886, 1.0]]"
IMG_20260518_203933.jpg,IMG_20260518_203940.jpg,2541,858,2541,85,50,0.5882352941176471,36.85801025539517,0.5761452125761873,0.27256124910003054,0.21011686262336102,0.8094148314117386,"[[1.8570484398825882e-07, 8.823945435301167e-06, -0.0251782172036165], [-1.1461864505805465e-05, -2.812246836069695e-07, -0.002760388262625547], [0.02640209021960993, 0.0025214252576721166, 1.0]]"
